0.002476 0.516108 0.288873 0.195947 3.478905 4.247212 4.921270 5.624755 6.340918 7.046500 7.729677 8.382422 9.092931 9.813687 10.565393 11.162651 11.905301 12.598696 13.255094 14.087326 14.733765 15.380515 16.308748 17.017798 
0.419125 0.003631 0.213677 0.261917 3.478886 4.247208 4.921286 5.624755 6.342452 7.047392 7.729676 8.382642 9.092931 9.813702 10.564446 11.162646 11.905303 12.598430 13.255198 14.087020 14.734077 15.380514 16.308787 17.018007 
0.419181 3.473751 0.209184 0.764827 3.478900 4.247419 4.921187 5.624737 6.342449 7.046510 7.729683 8.382438 9.092931 9.813735 10.564408 11.162650 11.905315 12.598655 13.255130 14.087152 14.734068 15.380514 16.309663 17.017956 
0.419059 0.159587 0.016969 0.267571 3.478905 4.247205 4.921283 5.624901 6.342452 7.047196 7.729673 8.382620 9.092931 9.813444 10.564395 11.162646 11.905308 12.598448 13.255133 14.086995 14.734076 15.380529 16.308818 17.017812 
0.371071 0.056221 0.063361 0.259856 3.478901 4.247211 4.921185 5.624751 6.342372 7.046505 7.729670 8.382774 9.092935 9.813736 10.564184 11.162638 11.905295 12.598668 13.255128 14.087615 14.734200 15.380515 16.308776 17.017822 
0.527811 0.251072 0.015699 0.898520 3.478887 4.247196 4.921282 5.624902 6.340906 7.046506 7.729668 8.382759 9.092931 9.813736 10.564396 11.162649 11.905316 12.598677 13.255063 14.087025 14.734178 15.380514 16.308786 17.017808 
0.419073 3.381278 0.213677 0.285777 3.478886 4.247421 4.921295 5.624755 6.342452 7.047392 7.729676 8.382642 9.092931 9.813702 10.564446 11.162646 11.905312 12.598660 13.255198 14.087020 14.734077 15.380499 16.309674 17.017815 
0.427056 0.116024 0.063685 0.257686 3.478920 4.247190 4.921168 5.624749 6.342372 7.046502 7.729578 8.382776 9.092894 9.813492 10.564404 11.162646 11.905317 12.598659 13.255130 14.087288 14.734200 15.380530 16.308777 17.017813 
0.040567 0.363574 0.015072 0.907396 3.478905 4.247198 4.921271 5.624923 6.340824 7.046349 7.729682 8.382769 9.092931 9.813445 10.565441 11.162645 11.905301 12.598446 13.255063 14.087019 14.734193 15.380514 16.308750 17.017878 
0.427056 0.116024 0.063685 0.274088 3.478897 4.247198 4.921183 5.624749 6.342372 7.046502 7.729671 8.382787 9.092894 9.813734 10.564404 11.162646 11.905321 12.598659 13.255130 14.087321 14.734200 15.380530 16.308777 17.017813 
0.375917 2.836001 0.168834 0.266090 3.478901 4.247211 4.921186 5.624747 6.342435 7.047158 7.729981 8.382423 9.092938 9.813437 10.564238 11.162649 11.905296 12.598654 13.255128 14.087591 14.734074 15.380515 16.308788 17.017788 
0.419059 0.159587 0.016969 0.263146 3.478886 4.247205 4.921283 5.624901 6.342452 7.047178 7.729672 8.382620 9.092931 9.813444 10.564395 11.162646 11.905308 12.598669 13.255131 14.086995 14.734078 15.380529 16.308818 17.017813 
0.040561 0.162272 0.064959 0.902250 3.478905 4.247197 4.921270 5.624922 6.340846 7.046500 7.729715 8.382769 9.092931 9.813466 10.564418 11.162640 11.905299 12.598446 13.255063 14.087019 14.734193 15.380529 16.308819 17.017879 
0.371071 0.214298 0.063361 1.025626 3.478901 4.247211 4.921077 5.624749 6.342372 7.046505 7.729670 8.382774 9.092935 9.813736 10.564184 11.162638 11.905295 12.598669 13.255128 14.087615 14.734200 15.380515 16.308776 17.017822 
0.423086 0.159594 0.016969 0.265745 3.478886 4.247205 4.921283 5.624901 6.342452 7.047178 7.729672 8.382612 9.092931 9.813444 10.564395 11.162646 11.905308 12.598669 13.255131 14.086995 14.734078 15.380529 16.308818 17.017813 
0.326560 2.758965 0.284028 0.263037 3.478953 4.247212 4.921273 5.624904 6.340932 7.046509 7.729943 8.382723 9.092930 9.814672 10.564405 11.162649 11.905293 12.598700 13.255058 14.087152 14.734064 15.380516 16.309720 17.017877 
0.427287 0.157444 0.032436 0.259071 3.478897 4.247210 4.921283 5.624744 6.342456 7.046497 7.729672 8.382438 9.092922 9.813734 10.564177 11.162646 11.905308 12.597985 13.255130 14.087013 14.734268 15.380530 16.308782 17.018030 
0.083304 0.026912 0.285082 0.196857 3.478899 4.247199 4.921269 5.624894 6.340894 7.046282 7.729966 8.382419 9.092927 9.813468 10.565468 11.162650 11.905292 12.598700 13.255024 14.087153 14.734193 15.380515 16.308667 17.017877 
0.343444 0.450564 0.132649 0.259614 3.478950 4.247196 4.921189 5.624923 6.340938 7.046278 7.729715 8.381456 9.092931 9.814670 10.564409 11.162649 11.905292 12.599067 13.255043 14.087154 14.734065 15.380383 16.309708 17.017879 
0.019953 0.299107 0.014822 0.264891 3.478905 4.247197 4.921185 5.624747 6.340844 7.046500 7.729681 8.382434 9.092931 9.813445 10.565441 11.162640 11.905272 12.598446 13.255063 14.087021 14.734193 15.380514 16.308750 17.017787 
0.040561 0.162272 0.064959 0.902250 3.478905 4.247197 4.921270 5.624922 6.340846 7.046500 7.729715 8.382769 9.092931 9.813466 10.564405 11.162640 11.905298 12.598446 13.255063 14.087019 14.734193 15.380529 16.308751 17.017879 
0.395776 2.758965 0.285112 0.263037 3.478902 4.247199 4.921273 5.624904 6.340932 7.046424 7.729943 8.382375 9.092930 9.814672 10.564405 11.162650 11.905293 12.598700 13.255052 14.087149 14.733764 15.380516 16.309717 17.017881 
0.040567 0.161499 0.065442 0.382485 3.478905 4.247197 4.921271 5.624922 6.340844 7.046500 7.729715 8.382769 9.092931 9.813445 10.564418 11.162640 11.905308 12.598446 13.255063 14.087019 14.734193 15.380529 16.308819 17.017879 
0.086351 0.309501 0.757426 0.195186 3.478904 4.247197 4.921270 5.624747 6.340900 7.046522 7.729706 8.382771 9.092931 9.813466 10.565441 11.162649 11.905297 12.598089 13.255031 14.087323 14.734265 15.380516 16.309803 17.018807 
0.775336 0.307407 0.285443 0.227142 3.478883 4.247208 4.921265 5.624900 6.340890 7.046282 7.729711 8.383360 9.092931 9.813493 10.563449 11.162651 11.905317 12.598660 13.255053 14.087153 14.734189 15.380515 16.308667 17.017876 
0.418858 0.478216 0.168759 0.266057 3.478446 4.247775 4.921061 5.624750 6.342374 7.047172 7.729979 8.382422 9.092738 9.813467 10.564405 11.162649 11.905311 12.598655 13.255130 14.087387 14.734085 15.380529 16.308804 17.017783 
0.432056 0.145902 0.019459 0.267868 3.478887 4.247208 4.921287 5.624901 6.340905 7.046286 7.729672 8.432258 9.092930 9.813695 10.564698 11.162646 11.905726 12.598676 13.255052 14.087025 14.733124 15.380513 16.308787 17.017810 
0.427287 0.156106 0.284907 0.259071 3.478890 4.247199 4.921283 5.624744 6.342456 7.046497 7.729672 8.382438 9.092898 9.813734 10.564395 11.162646 11.905308 12.597985 13.255053 14.087013 14.734201 15.380530 16.308781 17.018038 
0.428699 3.087216 0.012386 0.265638 3.478906 4.247208 4.921283 5.624902 6.342452 7.047181 7.729672 8.382904 9.092931 9.813695 10.564395 11.162646 11.905308 12.598669 13.255129 14.087013 14.734517 15.380530 16.308788 17.017881 
0.039922 0.516108 0.753964 0.195947 3.478905 4.247212 4.921269 5.624904 6.340863 7.046499 7.729677 8.382780 9.092931 9.813690 10.565441 11.162651 11.905293 12.598696 13.255063 14.087326 14.734174 15.380515 16.308748 17.017812 
0.419211 3.473751 0.209129 0.764827 3.478900 4.247419 4.921187 5.624747 6.342372 7.046508 7.729683 8.382437 9.092728 9.813735 10.564408 11.162650 11.905315 12.598655 13.255130 14.087152 14.734068 15.380514 16.309691 17.017818 
0.426878 0.003631 0.005344 0.268098 3.478886 4.247208 4.921283 5.624901 6.342452 7.047392 7.729673 8.382633 9.092931 9.813496 10.564445 11.162646 11.905303 12.598430 13.255198 14.087013 14.734078 15.380530 16.308818 17.017958 
0.427287 0.157444 0.042928 0.259071 3.478897 4.247210 4.921283 5.624901 6.342456 7.047200 7.729672 8.382438 9.092922 9.813443 10.564169 11.162646 11.905308 12.597984 13.255054 14.087013 14.734268 15.380530 16.308782 17.017813 
0.379752 0.306582 0.062221 0.195947 3.478901 4.247212 4.921078 5.624751 6.340892 7.046500 7.729677 8.382775 9.092931 9.813455 10.565441 11.162651 11.905293 12.598697 13.255062 14.087326 14.734200 15.380514 16.308777 17.017985 
0.083177 0.028355 0.132616 0.046027 3.478899 4.247211 4.921074 5.624893 6.340945 7.046284 7.729695 8.382353 9.092927 9.813465 10.564716 11.162640 11.905742 12.598770 13.255043 14.087140 14.734193 15.380382 16.308801 17.017877 
0.378320 2.663578 0.373165 0.901830 3.478893 4.247208 4.921063 5.624904 6.340975 7.046529 7.729664 8.432233 9.092930 9.813698 10.564699 11.162649 11.905729 12.598078 13.255043 14.087233 14.734178 15.380513 16.309683 17.018798 
0.347376 3.087216 0.012386 0.280146 3.478906 4.247211 4.921283 5.624902 6.342456 7.047181 7.729672 8.382904 9.092931 9.814664 10.564395 11.162646 11.905308 12.598660 13.255053 14.087131 14.734517 15.380530 16.308798 17.017886 
0.419325 2.997891 0.015648 0.279726 3.478889 4.247180 4.921182 5.624893 6.342322 7.046348 7.729682 8.430638 9.092931 9.813447 10.564228 11.162645 11.905302 12.597994 13.255043 14.087132 14.734118 15.380530 16.309687 17.017874 
0.142812 0.306839 0.015482 0.194604 3.478905 4.247208 4.921283 5.624744 6.340892 7.046359 7.729672 8.382790 9.092931 9.813467 10.564351 11.162646 11.905295 12.598690 13.255063 14.087016 14.735388 15.380529 16.308748 17.017882 
0.084020 0.309501 0.263011 0.195186 3.478904 4.247197 4.921270 5.624747 6.340855 7.046522 7.729706 8.382774 9.092931 9.813731 10.565443 11.162649 11.905308 12.598089 13.255054 14.087330 14.734265 15.380516 16.308790 17.018807 
0.320602 0.410462 0.373881 0.259614 3.478932 4.247444 4.921203 5.624901 6.338110 7.046278 7.731972 8.380633 9.092916 9.814661 10.564409 11.162648 11.905298 12.598076 13.255042 14.087232 14.734879 15.380383 16.309683 17.018780 
0.333589 0.114955 0.216018 0.047513 3.478882 4.247210 4.921291 5.624900 6.342435 7.047398 7.729732 8.431926 9.092927 9.813496 10.564161 11.162646 11.905298 12.598429 13.255203 14.087023 14.734074 15.380500 16.308787 17.017955 
0.086351 0.506355 0.754205 0.195940 3.478905 4.247198 4.921270 5.624904 6.340864 7.046500 7.729670 8.382769 9.092931 9.813693 10.565404 11.162649 11.905310 12.598446 13.255031 14.087022 14.733776 15.380530 16.308823 17.017812 
0.530258 2.868595 0.008429 0.898520 3.478887 4.247209 4.921282 5.624904 6.340905 7.046507 7.729668 8.383024 9.092930 9.813694 10.564397 11.162649 11.905292 12.598676 13.255063 14.087025 14.734178 15.380529 16.308786 17.017808 
0.327048 0.160399 0.012414 0.260672 3.478897 4.247211 4.921186 5.624747 6.340941 7.046299 7.729673 8.382381 9.092922 9.813443 10.564175 11.162638 11.905307 12.598663 13.255131 14.087642 14.734267 15.380529 16.308782 17.018807 
0.342602 2.663578 0.373165 0.901830 3.478955 4.247247 4.921063 5.624904 6.340975 7.046533 7.729664 8.432233 9.092930 9.813696 10.564401 11.162649 11.905729 12.598078 13.255044 14.087151 14.735353 15.380512 16.309719 17.018798 
0.326282 0.214298 0.030848 0.262075 3.478897 4.247211 4.921186 5.624747 6.340941 7.046297 7.729630 8.382380 9.092922 9.813699 10.564175 11.162638 11.905316 12.598663 13.255131 14.087642 14.734267 15.380516 16.308782 17.018807 
0.419123 0.173676 0.042907 0.424480 3.478893 4.247212 4.921283 5.624901 6.342452 7.047192 7.729672 8.382635 9.092932 9.813444 10.564395 11.162646 11.905313 12.598669 13.255053 14.087013 14.734078 15.380524 16.309651 17.017815 
0.527811 0.251072 0.015699 0.898520 3.478887 4.247201 4.921282 5.624902 6.340905 7.046506 7.729668 8.383024 9.092928 9.813736 10.564397 11.162649 11.905316 12.598676 13.255060 14.087025 14.734178 15.380515 16.308786 17.017808 
0.083097 2.523511 1.966464 0.141467 3.479108 4.247211 4.921270 5.624923 6.342312 7.047043 7.729698 8.431414 9.092943 9.813501 10.564398 11.162646 11.905274 12.599071 13.255031 14.087012 14.734078 15.380514 16.308878 17.017824 
0.419325 3.019628 0.014975 0.276740 3.478894 4.247180 4.921182 5.624905 6.342322 7.046348 7.729682 8.430646 9.092931 9.813444 10.564228 11.162645 11.905302 12.597977 13.255043 14.087023 14.734118 15.380530 16.309687 17.017874 
0.083177 0.028355 0.062506 0.042095 3.478901 4.247211 4.921075 5.624893 6.340945 7.046506 7.729670 8.382785 9.092935 9.813467 10.564183 11.162640 11.905742 12.598769 13.255129 14.087140 14.734193 15.380382 16.308801 17.017877 
0.329370 0.214298 0.031167 0.262075 3.478897 4.247201 4.921185 5.624747 6.340905 7.046297 7.729630 8.382380 9.092928 9.813699 10.564177 11.162638 11.905316 12.598663 13.255131 14.087642 14.734178 15.380516 16.308782 17.018807 
0.040567 0.307077 0.065442 0.912582 3.478905 4.247197 4.921271 5.624923 6.340844 7.046500 7.729715 8.382769 9.092931 9.813445 10.565441 11.162640 11.905272 12.598446 13.255063 14.087019 14.734193 15.380514 16.308750 17.017878 
0.352221 2.602317 0.120946 0.279775 3.478882 4.247204 4.921271 5.624901 6.340918 7.046393 7.729924 8.431410 9.092931 9.813438 10.564415 11.162645 11.905302 12.599078 13.255094 14.087330 14.734513 15.380513 16.308795 17.017798 
0.143078 0.158256 0.012386 0.265743 3.478907 4.247208 4.921283 5.624902 6.342452 7.047178 7.729672 8.382904 9.092934 9.813444 10.564395 11.162646 11.905307 12.598669 13.255131 14.087013 14.734195 15.380530 16.308833 17.017882 
0.377607 0.214919 0.063367 1.069892 3.478905 4.247211 4.921270 5.624906 6.340856 7.046509 7.729669 8.382774 9.092931 9.813732 10.564724 11.162640 11.905725 12.598446 13.255065 14.087017 14.734200 15.380515 16.308750 17.017822 
0.775336 0.144295 0.226160 0.227446 3.478884 4.247208 4.921064 5.624904 6.342431 7.046279 7.729714 8.383361 9.092930 9.813493 10.563466 11.162646 11.905317 12.598787 13.255053 14.087153 14.734189 15.380515 16.308665 17.017876 
0.527811 0.251072 0.015699 2.623120 3.478887 4.247201 4.921282 5.624902 6.340905 7.046506 7.729668 8.383024 9.092928 9.813736 10.564397 11.162649 11.905316 12.598676 13.255060 14.087025 14.734178 15.380515 16.308786 17.017808 
0.376447 3.004102 0.015033 0.281786 3.478901 4.247201 4.921186 5.624747 6.342456 7.046502 7.729683 8.382437 9.092719 9.813736 10.564392 11.162630 11.905295 12.598016 13.255131 14.087642 14.734525 15.380514 16.308782 17.017789 
0.419129 0.246246 1.008936 0.088579 3.478893 4.247212 4.921062 5.624755 6.342373 7.046448 7.729991 8.382722 9.092932 9.813686 10.564181 11.162638 11.905301 12.598668 13.255095 14.087022 14.734192 15.380515 16.308799 17.017817 
0.346480 0.452828 0.132202 0.271758 3.478879 4.247196 4.921188 5.624900 6.342424 6.981761 7.729721 8.382428 9.092931 9.814650 10.564398 11.162640 11.905322 12.598664 13.255207 14.087601 14.734034 15.380384 16.309708 17.017993 
0.427287 0.159587 0.019395 0.268098 3.478886 4.247208 4.921283 5.624901 6.342452 7.047177 7.729672 8.382633 9.092898 9.813444 10.564395 11.162646 11.905308 12.598669 13.255053 14.087013 14.734078 15.380530 16.308818 17.017815 
0.328706 2.833470 0.047568 0.279741 3.478872 4.247217 4.921187 5.624901 6.342389 7.046524 7.729627 8.431159 9.092931 9.813697 10.564419 11.162630 11.905314 12.598677 13.255128 14.087141 14.734267 15.380516 16.308795 17.017970 
0.040724 0.119914 0.064280 0.881913 3.478905 4.247212 4.921271 5.624908 6.340856 7.046509 7.729668 8.383032 9.092930 9.813455 10.564724 11.162640 11.905298 12.598674 13.255063 14.087019 14.734193 15.380514 16.308750 17.017883 
0.394127 0.311073 0.285082 0.196857 3.478900 4.247199 4.921269 5.624900 6.340890 7.046423 7.729988 8.382375 9.092931 9.813541 10.565441 11.162651 11.905292 12.598667 13.255052 14.087149 14.733762 15.380515 16.308667 17.018034 
0.326186 2.833470 0.195616 0.279741 3.478873 4.247742 4.921187 5.624901 6.342389 7.046521 7.729628 8.433211 9.092931 9.813697 10.564419 11.162630 11.905114 12.598677 13.255128 14.087141 14.734267 15.380516 16.308795 17.017970 
0.419129 0.108478 0.050055 0.185500 3.478893 4.247212 4.921062 5.624901 6.342415 7.046436 7.729987 8.382392 9.092932 9.813735 10.564406 11.162638 11.905316 12.598659 13.255027 14.087019 14.734192 15.380516 16.308799 17.017818 
0.083097 2.523511 1.966464 0.142583 3.479107 4.247205 4.921270 5.624924 6.342374 7.047038 7.729675 8.429949 9.092943 9.813500 10.564398 11.162646 11.905295 12.598076 13.255031 14.087012 14.734192 15.380514 16.308879 17.017824 
0.077271 0.145902 0.012691 0.245705 3.478887 4.247208 4.921058 5.624904 6.340905 7.046281 7.729652 8.432258 9.092930 9.813698 10.564397 11.162649 11.905726 12.598676 13.255063 14.087025 14.733071 15.380513 16.308787 17.017810 
0.432056 0.145902 0.019459 0.267868 3.478887 4.247208 4.921072 5.624904 6.340905 7.046281 7.729671 8.432258 9.092930 9.813698 10.564698 11.162646 11.905726 12.598676 13.255052 14.087025 14.733124 15.380513 16.308787 17.017810 
0.040725 0.516108 0.286769 0.195947 3.478905 4.247212 4.921270 5.624904 6.340863 7.046500 7.729677 8.382789 9.092931 9.813687 10.565441 11.162651 11.905293 12.598696 13.255063 14.087326 14.733765 15.380514 16.308748 17.017812 
0.326560 2.758965 0.004461 0.263037 3.478950 4.247212 4.921273 5.624904 6.340932 7.046509 7.729940 8.382723 9.092931 9.814634 10.564394 11.162649 11.905293 12.598700 13.255031 14.087152 14.734261 15.380516 16.309805 17.017877 
0.426878 0.005550 0.005344 0.246179 3.478886 4.247208 4.921283 5.624901 6.342452 7.047374 7.729652 8.382633 9.092930 9.813496 10.564445 11.162649 11.905303 12.598434 13.255060 14.087013 14.734078 15.380530 16.308818 17.017958 
0.376703 3.004100 0.012231 0.262348 3.478901 4.247201 4.921186 5.624747 6.342456 7.046502 7.729677 8.382437 9.092719 9.813736 10.564392 11.162646 11.905295 12.598016 13.255131 14.087642 14.734200 15.380514 16.308782 17.017789 
0.067770 0.501671 0.756666 0.028217 3.478905 4.247212 4.921270 5.624904 6.340864 7.046500 7.729670 8.382769 9.092931 9.813467 10.565404 11.162649 11.905310 12.598446 13.255031 14.087327 14.733776 15.380530 16.308825 17.017986 
0.083097 0.296490 0.049374 0.276967 3.478894 4.247204 4.921271 5.624922 6.342415 7.047055 7.729689 8.432259 9.092936 9.813444 10.564398 11.162649 11.905274 12.599061 13.255034 14.087019 14.734075 15.380515 16.309691 17.017940 
0.040725 0.309312 0.064965 0.110768 3.478905 4.247212 4.921270 5.624908 6.340856 7.046509 7.729686 8.382769 9.092931 9.813453 10.564724 11.162640 11.905725 12.598446 13.255063 14.087017 14.734193 15.380514 16.308750 17.017818 
0.040725 0.309672 0.064965 0.110768 3.478905 4.247212 4.921270 5.624913 6.340856 7.046504 7.729686 8.382769 9.092931 9.813453 10.564731 11.162640 11.905733 12.598434 13.255063 14.087019 14.734193 15.380514 16.308775 17.017818 
0.342591 2.758965 0.231191 0.267384 3.478953 4.247248 4.921207 5.624744 6.340881 7.046360 7.729943 8.381460 9.092930 9.813750 10.564400 11.162649 11.905295 12.599071 13.255058 14.087152 14.735338 15.380512 16.309720 17.017917 
0.040725 0.306839 0.286769 0.195947 3.478905 4.247212 4.921270 5.624904 6.340892 7.046500 7.729677 8.382790 9.092931 9.813467 10.565441 11.162651 11.905293 12.598698 13.255063 14.087326 14.734193 15.380514 16.308748 17.017984 
0.083097 0.297064 0.049510 0.276695 3.478894 4.247204 4.921271 5.624904 6.342415 7.046500 7.729675 8.432303 9.092936 9.813444 10.564398 11.162649 11.905292 12.599061 13.255031 14.087025 14.734179 15.380514 16.309692 17.017818 
1.999809 2.803075 0.184392 0.261788 3.478896 4.247211 4.921209 5.624748 6.342415 7.046436 7.730002 8.382395 9.092932 9.813658 10.564711 11.162649 11.905739 12.598437 13.255130 14.087018 14.734052 15.380348 16.308796 17.018012 
1.999813 2.858569 0.028957 0.273369 3.478895 4.247195 4.921296 5.624752 6.343086 7.047918 7.730029 8.382384 9.092932 9.813730 10.564707 11.162649 11.905772 12.598432 13.254872 14.087821 14.734261 15.380514 16.309696 17.018791 
1.999829 2.858912 0.031946 0.273093 3.478896 4.247188 4.921297 5.624756 6.342441 7.046205 7.729941 8.382384 9.092932 9.813730 10.564705 11.162648 11.905772 12.598432 13.256278 14.087815 14.734261 15.380176 16.309696 17.018791 
1.999829 2.845118 0.030563 0.258347 3.478895 4.247219 4.921301 5.624900 6.343086 7.047951 7.729948 8.382383 9.092931 9.813730 10.564700 11.162641 11.905772 12.598660 13.255056 14.087949 14.734259 15.380543 16.309696 17.017957 
1.999770 2.714568 0.219103 0.546843 3.478900 4.247296 4.921269 5.624762 6.342447 7.046270 7.729913 8.380846 9.092931 9.814616 10.564243 11.162640 11.905738 12.598794 13.256280 14.087377 14.735342 15.380511 16.309666 17.018815 
1.999743 3.254008 0.212989 0.220400 3.478901 4.247422 4.921270 5.624755 6.342420 7.046249 7.729854 8.382432 9.092931 9.813723 10.564702 11.162640 11.905279 12.598786 13.254867 14.087979 14.734069 15.380499 16.309673 17.018869 
1.999057 2.765082 0.183503 0.261788 3.478896 4.247211 4.921206 5.624748 6.342415 7.046436 7.730002 8.382394 9.092932 9.813658 10.564710 11.162649 11.905739 12.598437 13.256195 14.088015 14.734052 15.380496 16.308796 17.017997 
1.998989 2.858789 0.032085 0.220502 3.478895 4.247219 4.921296 5.624752 6.343086 7.047951 7.729945 8.382383 9.092932 9.813730 10.564705 11.162645 11.905772 12.598432 13.254855 14.087945 14.734259 15.380510 16.309696 17.018790 
1.998975 2.978342 0.113583 0.244730 3.478502 4.247420 4.921233 5.624782 6.342811 7.046493 7.731474 8.382430 9.092933 9.813700 10.564705 11.162640 11.905741 12.598436 13.255130 14.087198 14.734061 15.380499 16.309723 17.018895 
1.999046 2.925223 0.031960 0.220400 3.478917 4.247292 4.921271 5.624763 6.342436 7.046310 7.729913 8.382424 9.092931 9.813724 10.564696 11.162646 11.905476 12.598778 13.256272 14.087949 14.734069 15.380499 16.309673 17.018854 
1.999743 3.254008 0.212989 0.220400 3.478901 4.247422 4.921270 5.624755 6.342420 7.046249 7.729854 8.382432 9.092931 9.813723 10.564702 11.162640 11.905279 12.598786 13.254867 14.087979 14.734069 15.380499 16.309673 17.018869 
1.998792 3.411121 0.222769 0.222715 3.479113 4.247738 4.921320 5.624761 6.343174 7.046361 7.729877 8.381983 9.092937 9.813467 10.564728 11.162640 11.905280 12.598781 13.255189 14.087921 14.734085 15.380501 16.309672 17.018776 
1.999829 2.851255 0.024654 0.273368 3.479105 4.247195 4.921296 5.624752 6.343087 7.047918 7.730030 8.382384 9.092932 9.813730 10.564705 11.162648 11.905772 12.598432 13.254872 14.087803 14.734261 15.380512 16.309696 17.018791 
1.998818 2.858569 0.028957 0.223248 3.478896 4.247195 4.921296 5.624752 6.343086 7.047982 7.730032 8.382398 9.092932 9.813730 10.564728 11.162641 11.905772 12.598773 13.254872 14.087821 14.734263 15.380501 16.309696 17.018791 
1.999028 2.763846 0.440260 0.186013 3.478917 4.247738 4.921211 5.624763 6.342811 7.046435 7.729967 8.382424 9.092937 9.813724 10.564696 11.162645 11.905741 12.598432 13.255130 14.087478 14.734004 15.380514 16.309672 17.018855 
1.999696 2.858553 0.026549 0.193174 3.478908 4.247299 4.921207 5.624750 6.343086 7.047984 7.729946 8.382438 9.092933 9.813730 10.564705 11.162641 11.905762 12.598432 13.254872 14.087955 14.734047 15.380511 16.309673 17.018830 
1.999046 2.927788 0.031960 0.220400 3.478917 4.247292 4.921270 5.624755 6.342426 7.046248 7.729913 8.382424 9.092931 9.813724 10.564239 11.162646 11.905476 12.598778 13.256266 14.087949 14.734069 15.380499 16.309673 17.018854 
1.999829 2.851334 0.024798 0.273300 3.479114 4.247188 4.921296 5.624752 6.343148 7.047951 7.729878 8.382384 9.092929 9.813709 10.564705 11.162648 11.905772 12.598427 13.254872 14.087803 14.734261 15.380516 16.309696 17.018791 
1.999733 3.255131 0.013696 0.191967 3.478882 4.247292 4.921207 5.624763 6.342810 7.047951 7.729948 8.432333 9.092927 9.813730 10.564713 11.162640 11.905289 12.598432 13.254870 14.087078 14.734004 15.380499 16.309693 17.018872 
1.999028 2.978342 0.213899 0.185924 3.478920 4.247185 4.921211 5.624763 6.342811 7.046493 7.729965 8.382430 9.092933 9.813730 10.564705 11.162640 11.905741 12.598436 13.255130 14.087198 14.734004 15.380499 16.309723 17.018895 
1.999912 3.255173 0.113057 0.244635 3.478509 4.247426 4.923035 5.625983 6.342362 7.046239 7.731491 8.382432 9.092932 9.813700 10.564688 11.162637 11.905284 12.598681 13.254865 14.087300 14.734060 15.380515 16.309642 17.018764 
1.999829 2.851255 0.024798 0.273300 3.479105 4.247188 4.921296 5.624752 6.343087 7.047951 7.729878 8.382384 9.092932 9.813730 10.564705 11.162648 11.905772 12.598427 13.254872 14.087803 14.734261 15.380512 16.309696 17.018791 
1.999829 2.858569 0.028974 0.273300 3.478895 4.247188 4.921296 5.624752 6.343086 7.047951 7.729941 8.382384 9.092932 9.813730 10.564705 11.162648 11.905772 12.598432 13.254872 14.087803 14.734261 15.380176 16.309696 17.018791 
1.999057 2.765458 0.183520 0.220400 3.478917 4.247211 4.921206 5.624752 6.342418 7.046456 7.729912 8.382421 9.092931 9.813724 10.564703 11.162649 11.905745 12.598778 13.256266 14.087989 14.734069 15.380499 16.309673 17.018853 
1.999733 3.255131 0.013696 0.191967 3.478882 4.247292 4.921207 5.624763 6.342810 7.047951 7.729948 8.432333 9.092927 9.813730 10.564713 11.162640 11.905289 12.598432 13.254870 14.087078 14.734004 15.380499 16.309693 17.018872 
1.999809 2.762954 0.191327 0.261243 3.478896 4.247213 4.921296 5.624752 6.342812 7.046455 7.730002 8.381983 9.092932 9.813659 10.564699 11.162648 11.905474 12.598437 13.255130 14.087023 14.734005 15.380344 16.309672 17.018787 
1.998792 3.437621 0.222769 0.222715 3.478912 4.247738 4.921270 5.624761 6.343174 7.046247 7.729877 8.381983 9.092937 9.813718 10.564728 11.162640 11.905280 12.598778 13.255189 14.087921 14.734085 15.380502 16.309672 17.018776 
1.999829 2.858789 0.030563 0.220037 3.478895 4.247219 4.921296 5.624752 6.343086 7.047951 7.729941 8.382383 9.092932 9.813730 10.564705 11.162641 11.905772 12.598419 13.254855 14.087949 14.734259 15.380176 16.309696 17.018790 
1.996420 2.858553 0.026549 0.193174 3.478895 4.247299 4.921207 5.624750 6.343086 7.047984 7.730030 8.382438 9.092933 9.813730 10.564705 11.162641 11.905762 12.598432 13.254872 14.087955 14.734253 15.380511 16.309673 17.018830 
1.999741 2.803742 5.001746 0.068560 3.478749 4.247762 4.922851 5.624761 6.338727 7.046227 7.729936 8.382464 9.092932 9.813503 10.565679 11.162627 11.905489 12.598851 13.255126 14.093497 14.731446 15.380491 16.309652 17.017873 
1.999892 2.910411 5.224650 0.068903 3.478746 4.247793 4.922845 5.624914 6.343233 7.046505 7.732948 8.380120 9.092886 9.813503 10.567002 11.162646 11.905301 12.598455 13.255125 14.091564 14.676165 15.380491 16.309663 17.017873 
1.999892 2.910558 5.224650 0.106546 3.478746 4.247793 4.922831 5.624772 6.342223 7.061195 7.732942 8.380120 9.092886 9.813527 10.567002 11.162646 11.905306 12.598455 13.255125 14.091564 14.676165 15.380491 16.309663 17.017856 
1.999897 2.803746 5.000258 0.107415 3.478749 4.247763 4.922831 5.624762 6.342221 7.046227 7.729936 8.380109 9.092932 9.813478 10.564732 11.162627 11.905742 12.598414 13.254875 14.091480 14.734242 15.380201 16.309698 17.017875 
1.999892 2.797207 5.002234 0.068557 3.478749 4.247793 4.922844 5.624760 6.338711 7.046227 7.729924 8.382488 9.092886 9.813503 10.567002 11.162627 11.905303 12.598859 13.255126 14.093494 14.731619 15.380491 16.309652 17.017873 
1.999741 2.803742 5.001746 0.068560 3.478749 4.247762 4.922851 5.624761 6.338727 7.046227 7.729936 8.382464 9.092932 9.813503 10.565679 11.162627 11.905489 12.598851 13.255126 14.093497 14.731446 15.380491 16.309652 17.017873 
1.999741 2.803742 5.001746 0.068560 3.478749 4.247762 4.922851 5.624761 6.338727 7.046227 7.729936 8.382464 9.092932 9.813503 10.565679 11.162627 11.905489 12.598851 13.255126 14.093497 14.731446 15.380491 16.309652 17.017873 
1.957563 1.649408 0.080025 0.265509 3.478510 4.247712 4.922725 5.624939 6.340950 7.046241 7.731964 8.384318 9.094628 9.814731 10.564256 11.162640 11.905110 12.598657 13.254327 14.087376 14.734201 15.380516 16.308642 17.018830 
1.957563 1.649408 0.080025 0.265509 3.478510 4.247712 4.922725 5.624939 6.340950 7.046241 7.731964 8.384318 9.094628 9.814731 10.564256 11.162640 11.905110 12.598657 13.254327 14.087376 14.734201 15.380516 16.308642 17.018830 
1.957563 1.649264 0.198072 0.257180 3.478507 4.247712 4.922725 5.624939 6.340950 7.046237 7.731964 8.384318 9.092953 9.814617 10.564256 11.162640 11.905110 12.598657 13.255030 14.087376 14.734201 15.380516 16.308648 17.018830 
1.957563 1.649264 0.198072 0.265648 3.478507 4.247712 4.922725 5.624939 6.340950 7.046241 7.731964 8.384318 9.092953 9.814617 10.564256 11.162640 11.905110 12.598657 13.255030 14.087376 14.734201 15.380516 16.308647 17.018830 
0.327048 0.160399 0.012414 0.260672 3.478897 4.247211 4.921186 5.624747 6.340941 7.046299 7.729673 8.382381 9.092922 9.813443 10.564175 11.162638 11.905307 12.598663 13.255131 14.087642 14.734267 15.380529 16.308782 17.018807 
0.343444 0.450564 0.132649 0.259614 3.478950 4.247196 4.921189 5.624923 6.340938 7.046278 7.729715 8.381456 9.092931 9.814670 10.564409 11.162649 11.905292 12.599067 13.255043 14.087154 14.734065 15.380383 16.309708 17.017879 
0.267756 0.292393 0.209770 0.154961 3.478921 4.247196 4.921187 5.624899 6.340910 7.046508 7.729849 8.382420 9.092937 9.814605 10.564733 11.162628 11.905303 12.598790 13.255205 14.087157 14.733764 15.380498 16.309800 17.018830 
1.986815 2.808618 2.780416 0.269270 3.478921 4.247741 4.922330 5.624895 6.342347 7.047174 7.732140 8.380853 9.092926 9.813522 10.564398 11.162641 11.905311 12.598665 13.255123 14.091412 14.734194 15.287056 16.308636 17.017981 
1.999293 2.861718 2.784037 0.558788 3.478513 4.247740 4.922342 5.624764 6.343089 7.047178 7.750258 8.380852 9.092947 9.813397 10.564026 11.162575 11.905751 12.594594 13.254879 14.088716 15.120861 15.383237 16.308659 17.010539 
1.986815 2.808618 2.780416 0.269270 3.478921 4.247741 4.922864 5.624895 6.342347 7.047174 7.732027 8.380853 9.094630 9.813522 10.564404 11.162639 11.905311 12.598665 13.255123 14.091412 14.734194 15.287068 16.308636 17.017981 
1.986805 2.861718 2.784037 0.558788 3.478513 4.247740 4.922344 5.624764 6.342342 7.047174 7.732290 8.380852 9.092947 9.813397 10.564028 11.162575 11.905302 12.594594 13.255126 14.088716 15.120861 15.287830 16.308658 17.010539 
1.999744 0.030222 0.226747 0.256073 3.478921 4.247176 4.921272 5.624755 6.340926 7.046238 7.729882 8.382784 9.092931 9.814591 10.564719 11.162640 11.905269 12.598786 13.255033 14.087378 14.734095 15.380512 16.309713 17.018826 
1.999735 0.183573 4.406652 0.203948 3.478492 4.247784 4.921308 5.624740 6.342322 7.046479 7.730048 8.382413 9.092937 9.813525 10.564226 11.162645 11.905301 12.598464 13.255117 14.087837 14.733731 15.380498 16.309696 17.018790 
1.998396 1.426918 2.174847 0.191768 3.478464 4.247294 4.922615 5.624760 6.338185 7.046270 7.732078 8.380896 9.092931 9.813494 10.564214 11.162647 11.905114 12.598705 13.255132 14.087376 14.734482 15.380517 16.309720 17.017977 
1.999744 1.167971 0.226747 0.255922 3.478921 4.247297 4.921270 5.624755 6.340926 7.046238 7.729879 8.432471 9.092931 9.814598 10.564719 11.162640 11.905269 12.598790 13.255032 14.087382 14.734097 15.380272 16.309713 17.018809 
1.999859 0.668820 0.216242 0.553975 3.478912 4.247248 4.921207 5.624763 6.340873 7.046360 7.729965 8.432371 9.092930 9.813754 10.564678 11.162640 11.905225 12.598695 13.255021 14.087382 14.734504 15.380268 16.308613 17.017917 
1.999012 0.041082 0.289366 0.212188 3.478877 4.247189 4.921380 5.624733 6.341010 7.046243 7.730685 8.381951 9.092931 9.814606 10.564256 11.162638 11.905114 12.597932 13.255122 14.087154 14.734192 15.380274 16.309701 17.018832 
1.999737 1.122242 0.199457 0.212741 3.478909 4.247298 4.921270 5.624755 6.340927 7.046013 7.729974 8.433540 9.092931 9.813691 10.564691 11.162646 11.905276 12.598790 13.255130 14.087376 14.733760 15.380275 16.309686 17.018792 
1.997550 0.745090 0.756740 0.426655 3.478944 4.247195 4.921074 5.624895 6.342280 7.046018 7.729943 8.380910 9.092922 9.813718 10.564246 11.162647 11.905279 12.598705 13.255126 14.087333 14.734482 15.380517 16.309802 17.017977 
1.996139 0.154777 0.032436 0.069531 3.478897 4.247210 4.921302 5.624744 6.340965 7.046471 7.729936 8.382437 9.092922 9.813727 10.564177 11.162627 11.905307 12.597986 13.255130 14.086888 14.734268 15.380491 16.308782 17.018030 
1.999945 1.121293 0.191162 0.255880 3.478901 4.247297 4.921270 5.624736 6.342388 7.046238 7.731879 8.380951 9.092931 9.814607 10.564034 11.162628 11.905261 12.598790 13.255030 14.087364 14.734114 15.380513 16.309699 17.018809 
1.999745 1.444211 2.090729 0.205506 3.478903 4.247646 4.921313 5.624760 6.338140 7.046476 7.730673 8.432254 9.092931 9.813439 10.559289 11.162641 11.905205 12.598705 13.255027 14.087375 14.734513 15.380504 16.309701 17.018810 
1.999743 0.270013 0.028246 0.225056 3.478921 4.247165 4.921292 5.624755 6.340968 7.046018 7.729855 8.382425 9.092937 9.813723 10.564217 11.162628 11.905334 12.598705 13.255129 14.087338 14.734508 15.380498 16.309718 17.018791 
1.999990 0.182150 0.220482 0.625390 3.478921 4.247182 4.921189 5.624737 6.340955 7.046232 7.729987 8.382393 9.092931 9.813492 10.564715 11.162640 11.905297 12.598776 13.255028 14.087320 14.733741 15.380253 16.309823 17.018829 
1.998795 1.189349 0.223433 0.192758 3.478470 4.247441 4.921166 5.624908 6.342424 7.046279 7.729970 8.382389 9.092887 9.813501 10.559339 11.162640 11.905306 12.598808 13.255124 14.087376 14.734197 15.380491 16.309718 17.018007 
1.999960 1.444211 2.091517 0.205506 3.478494 4.247643 4.922615 5.624760 6.338140 7.046477 7.730654 8.382389 9.092932 9.813437 10.559289 11.162641 11.905205 12.598705 13.255027 14.087375 14.734513 15.380513 16.309701 17.018810 
1.999739 0.373147 4.431937 0.203156 3.478492 4.247762 4.921306 5.624929 6.342322 7.046480 7.730670 8.382413 9.092937 9.813477 10.564229 11.162644 11.905301 12.598081 13.255117 14.087837 14.734097 15.380421 16.309696 17.018791 
1.997658 0.491489 1.743663 0.152553 3.478497 4.247362 4.921299 5.624903 6.340917 7.046235 7.729908 8.380921 9.092885 9.814603 10.564232 11.162628 11.905304 12.598438 13.255204 14.087325 14.732927 15.380267 16.308750 17.018830 
1.999125 0.668922 0.761152 0.348753 3.478878 4.247248 4.921043 5.624909 6.342419 7.046013 7.729839 8.432373 9.092930 9.814611 10.564683 11.162645 11.905204 12.598705 13.255024 14.087150 14.734500 15.380515 16.309700 17.017983 
1.998409 0.370982 1.985485 0.223659 3.478900 4.247762 4.921298 5.624901 6.340862 7.046505 7.730643 8.380898 9.092728 9.814685 10.564692 11.162644 11.905204 12.598708 13.255023 14.087332 14.734608 15.380522 16.308524 17.017997 
1.999990 0.182150 0.220254 0.206325 3.478921 4.247183 4.921189 5.624755 6.340955 7.046232 7.729987 8.382425 9.092931 9.813492 10.564733 11.162640 11.905297 12.598790 13.255028 14.087320 14.733766 15.380253 16.309823 17.018829 
1.999194 0.270535 1.963932 0.245099 3.478921 4.247456 4.921262 5.624748 6.342364 7.046291 7.729999 8.382422 9.092722 9.813615 10.564755 11.162628 11.905312 12.598038 13.255032 14.087341 14.733759 15.380271 16.309834 17.018828 
1.999012 0.041082 0.291010 0.310366 3.478877 4.247189 4.921270 5.624756 6.341010 7.046013 7.730685 8.381951 9.092931 9.814606 10.564693 11.162646 11.905101 12.598783 13.255129 14.087154 14.734192 15.380274 16.309702 17.018832 
1.997550 0.710542 0.756740 0.426655 3.478944 4.247193 4.921211 5.624895 6.342280 7.046012 7.729943 8.380910 9.092930 9.813718 10.564239 11.162646 11.905279 12.598705 13.255126 14.087333 14.734482 15.380517 16.309802 17.017917 
1.999743 0.270287 0.201679 0.221899 3.478921 4.247183 4.921270 5.624755 6.340968 7.046248 7.729855 8.382425 9.092937 9.813724 10.564733 11.162628 11.905274 12.598790 13.255130 14.087364 14.733765 15.380498 16.308703 17.018810 
1.999118 0.404402 2.953450 0.225005 3.478908 4.247186 4.921048 5.624902 6.342427 7.046013 7.729839 8.432373 9.092922 9.814639 10.564685 11.162646 11.905204 12.598700 13.255024 14.087150 14.734500 15.380512 16.309700 17.018811 
1.999985 0.067000 2.939232 0.258551 3.478470 4.247634 4.921251 5.624761 6.342361 7.045961 7.730003 8.382457 9.092921 9.814705 10.564039 11.162646 11.905222 12.598019 13.255203 14.087319 14.733776 15.380507 16.310106 17.018791 
1.999118 0.405193 2.932425 0.225005 3.478908 4.247189 4.921048 5.624902 6.342427 7.046013 7.729839 8.381667 9.092931 9.814641 10.564685 11.162646 11.905102 12.598780 13.255024 14.087154 14.734500 15.380509 16.309700 17.018833 
1.999743 0.270287 0.028246 0.221899 3.478921 4.247166 4.921299 5.624755 6.340968 7.046248 7.729855 8.382425 9.092937 9.813723 10.564214 11.162628 11.905334 12.598790 13.255130 14.087337 14.733765 15.380498 16.308706 17.018791 
1.999859 0.668820 0.216242 0.553975 3.478912 4.247248 4.921205 5.624753 6.340886 7.046360 7.729965 8.432371 9.092930 9.813754 10.564239 11.162648 11.905225 12.598693 13.255021 14.087386 14.735339 15.380268 16.308613 17.017917 
1.999798 0.286087 0.209920 0.220329 3.478912 4.247297 4.921270 5.624755 6.340910 7.046238 7.729855 8.382425 9.092937 9.813724 10.564747 11.162648 11.905302 12.598790 13.255086 14.087364 14.733765 15.380498 16.308703 17.018830 
1.999252 0.023715 0.178820 0.207274 3.478901 4.247186 4.921207 5.624741 6.342422 7.047165 7.730068 8.382438 9.092885 9.813482 10.564707 11.162646 11.905297 12.598451 13.255117 14.087290 14.733761 15.380515 16.309798 17.018829 
1.999125 0.302004 2.953450 0.225005 3.478908 4.247186 4.921048 5.624901 6.342427 7.046013 7.729839 8.432373 9.092922 9.814639 10.564685 11.162646 11.905204 12.598705 13.255024 14.087150 14.734500 15.380513 16.309700 17.018811 
1.999194 0.233102 1.963932 0.245099 3.478921 4.247456 4.921262 5.624748 6.342364 7.046291 7.733227 8.380908 9.092725 9.813615 10.564230 11.162641 11.905312 12.598042 13.255033 14.087341 14.735124 15.380271 16.309802 17.017977 
1.998434 0.370577 1.590804 0.426026 3.478901 4.247298 4.921206 5.624934 6.342314 7.046505 7.729860 8.382393 9.092937 9.813467 10.564228 11.162628 11.905302 12.598790 13.255130 14.087238 14.733826 15.380420 16.309657 17.017990 
1.999778 0.054801 0.183777 0.263107 3.478900 4.247208 4.921322 5.624754 6.342401 7.046437 7.730003 8.382449 9.092932 9.813414 10.564242 11.162640 11.905751 12.598069 13.255130 14.087020 14.735339 15.380197 16.310105 17.018827 
1.999743 0.651748 0.764221 0.226042 3.478921 4.247165 4.921292 5.624755 6.340968 7.046018 7.729839 8.431839 9.092931 9.813723 10.564217 11.162644 11.905334 12.598705 13.255129 14.087338 14.734508 15.380498 16.309718 17.018791 
1.999990 0.182150 0.235029 0.625390 3.478920 4.247182 4.921073 5.624737 6.340955 7.046234 7.729987 8.382489 9.092931 9.813492 10.564715 11.162640 11.905297 12.598776 13.255028 14.087333 14.733760 15.380261 16.309823 17.018829 
1.998409 0.370982 1.985485 0.424623 3.478900 4.247762 4.921298 5.624899 6.340862 7.046505 7.730643 8.380898 9.092728 9.813467 10.564234 11.162644 11.905330 12.598708 13.255117 14.087329 14.734608 15.380522 16.308524 17.018001 
1.999752 1.372687 2.094350 0.220329 3.478921 4.247296 4.922613 5.624906 6.340910 7.046248 7.729855 8.382425 9.092937 9.813502 10.564667 11.162647 11.905303 12.598809 13.255086 14.087364 14.734195 15.380498 16.308703 17.018009 
1.998388 0.041082 1.561855 0.210859 3.478877 4.247189 4.921298 5.624733 6.342322 7.046238 7.730685 8.381951 9.092931 9.814606 10.564256 11.162638 11.905105 12.597932 13.255122 14.087154 14.734603 15.380421 16.309737 17.018832 
1.999743 0.275706 0.209924 0.154298 3.478921 4.247297 4.921270 5.624755 6.340910 7.046238 7.729855 8.382425 9.092937 9.813724 10.564733 11.162628 11.905302 12.598790 13.255091 14.087364 14.733765 15.380498 16.308703 17.018830 
1.999743 0.275706 0.209920 0.220329 3.478921 4.247297 4.921270 5.624755 6.340910 7.046238 7.729855 8.382425 9.092937 9.813724 10.564733 11.162628 11.905302 12.598790 13.255086 14.087364 14.733765 15.380498 16.308703 17.018830 
1.998461 0.270287 0.209770 0.154961 3.478921 4.247196 4.921188 5.624899 6.340910 7.046511 7.729855 8.382425 9.092937 9.813468 10.564733 11.162628 11.905303 12.598790 13.255205 14.087364 14.733765 15.380498 16.308722 17.018830 
1.999819 0.054801 0.183777 0.263107 3.478900 4.247208 4.921322 5.624754 6.342401 7.046437 7.730003 8.382449 9.092932 9.813414 10.564242 11.162640 11.905751 12.598069 13.255130 14.087020 14.735339 15.380197 16.310105 17.018827 
1.997550 0.130743 0.753618 0.207047 3.478912 4.247362 4.921296 5.624750 6.341003 7.046011 7.729943 8.383009 9.092886 9.813717 10.564246 11.162647 11.905234 12.598705 13.255014 14.087333 14.735359 15.380517 16.308624 17.017976 
1.999743 0.270287 0.209770 0.220329 3.478921 4.247296 4.921270 5.624755 6.340910 7.046248 7.729855 8.382425 9.092937 9.813724 10.564733 11.162628 11.905302 12.598790 13.255086 14.087364 14.733765 15.380498 16.308703 17.018830 
1.999737 0.266373 0.199457 0.212431 3.478909 4.247186 4.921270 5.624755 6.340968 7.046013 7.729974 8.381953 9.092931 9.813691 10.564691 11.162646 11.905276 12.598790 13.255130 14.087376 14.733760 15.380513 16.309686 17.018023 
1.145663 0.041068 0.381951 0.100015 3.478900 4.247185 4.921268 5.624737 6.342434 7.046509 7.730681 8.382185 9.092931 9.813492 10.564235 11.162639 11.905314 12.598451 13.255122 14.087154 14.734194 15.380355 16.308715 17.017994 
1.171420 0.023716 0.178820 0.207274 3.478901 4.247186 4.921207 5.624735 6.342400 7.047150 7.729697 8.382438 9.092932 9.813465 10.564707 11.162645 11.905297 12.598452 13.255117 14.087290 14.734176 15.380515 16.308730 17.018829 
1.152570 0.023726 0.180083 0.103459 3.478901 4.247211 4.921207 5.624735 6.342400 7.046523 7.729697 8.382438 9.092932 9.813465 10.564707 11.162645 11.905297 12.598464 13.255122 14.087290 14.733091 15.380515 16.308730 17.017940 
1.152570 0.023283 0.180066 0.103459 3.478901 4.247211 4.921207 5.624735 6.342400 7.046527 7.729697 8.382438 9.092932 9.813465 10.564707 11.162645 11.905297 12.598464 13.255122 14.087290 14.733083 15.380515 16.308730 17.017940 
1.192311 0.017446 0.180066 0.206198 3.478901 4.247211 4.921207 5.624735 6.342400 7.046530 7.729697 8.382438 9.092932 9.813465 10.564707 11.162645 11.905297 12.598464 13.255122 14.087290 14.733083 15.380515 16.308730 17.017949 
1.146870 0.023716 0.178820 0.207274 3.478901 4.247186 4.921207 5.624737 6.342400 7.047150 7.729697 8.382184 9.092932 9.813465 10.564707 11.162645 11.905297 12.598452 13.255122 14.087290 14.734194 15.380515 16.308730 17.017964 
1.916167 0.023283 0.180066 0.541167 3.478901 4.247211 4.921208 5.624906 6.342400 7.046527 7.729697 8.382438 9.092931 9.813465 10.564705 11.162645 11.905297 12.598472 13.255122 14.087154 14.734196 15.380515 16.308730 17.017815 
1.166318 0.023716 0.214267 0.207274 3.478901 4.247186 4.921207 5.624737 6.342400 7.047150 7.729984 8.382438 9.092932 9.813465 10.564707 11.162645 11.905297 12.598452 13.255117 14.087197 14.734191 15.380515 16.308740 17.018824 
1.166318 0.023716 0.214267 0.207274 3.478901 4.247186 4.921211 5.624735 6.342400 7.047150 7.729984 8.382438 9.092932 9.813465 10.564707 11.162645 11.905298 12.598452 13.255117 14.087197 14.734002 15.380515 16.308740 17.018827 
1.166318 0.023716 0.214267 0.207274 3.478901 4.247186 4.921211 5.624735 6.342400 7.047150 7.729984 8.382438 9.092932 9.813465 10.564707 11.162645 11.905298 12.598452 13.255117 14.087197 14.734002 15.380515 16.308740 17.018827 
1.166318 0.023716 0.214267 0.207274 3.478901 4.247186 4.921211 5.624735 6.342400 7.047150 7.729984 8.382438 9.092932 9.813465 10.564707 11.162645 11.905298 12.598452 13.255117 14.087197 14.734002 15.380515 16.308740 17.018827 
1.110320 0.023617 0.382984 0.100015 3.478900 4.247186 4.921268 5.624737 6.342434 7.047164 7.730656 8.382185 9.092931 9.813492 10.564238 11.162639 11.905314 12.598451 13.255122 14.087154 14.734194 15.380351 16.308715 17.017994 
1.175625 0.023716 0.214267 0.207274 3.478901 4.247186 4.921211 5.624735 6.342400 7.047150 7.729984 8.382438 9.092932 9.813465 10.564707 11.162645 11.905298 12.598452 13.255117 14.087197 14.734002 15.380515 16.308740 17.018827 
1.166318 0.016812 0.216161 0.207274 3.478901 4.247212 4.921211 5.624735 6.342431 7.047150 7.729984 8.382438 9.092932 9.813500 10.564707 11.162649 11.905298 12.598444 13.255118 14.087197 14.734010 15.380515 16.308740 17.018827 
1.999773 1.372687 0.176665 0.220329 3.478921 4.247210 4.921331 5.624743 6.340912 7.046412 7.729856 8.382424 9.092937 9.813502 10.564242 11.162646 11.905303 12.598809 13.255033 14.087365 14.735337 15.380494 16.308664 17.018806 
1.999089 1.555986 0.200955 0.332627 3.478901 4.247187 4.921271 5.624752 6.340817 7.046007 7.730022 8.382422 9.092931 9.814617 10.564263 11.162645 11.905110 12.598790 13.255137 14.087379 14.733748 15.380521 16.309690 17.018789 
1.999089 1.614348 0.200955 0.222402 3.478901 4.247187 4.921270 5.624755 6.340817 7.046007 7.730022 8.382422 9.092931 9.814607 10.564263 11.162646 11.905110 12.598790 13.255137 14.087386 14.733748 15.380521 16.309686 17.018809 
1.997676 1.375135 0.394217 0.199062 3.479125 4.247656 4.921242 5.624910 6.340992 7.046276 7.730003 8.380959 9.092933 9.814717 10.565618 11.162632 11.905332 12.599210 13.256283 14.086949 14.735302 15.380432 16.310069 17.018779 
1.999778 2.232494 0.592073 0.263107 3.478900 4.247208 4.921322 5.624753 6.342401 7.046412 7.730003 8.382449 9.092932 9.813414 10.564242 11.162640 11.905762 12.598070 13.255130 14.087020 14.735339 15.380197 16.310105 17.018827 
1.999752 1.372687 0.176665 0.220329 3.478921 4.247296 4.921346 5.624743 6.340912 7.046407 7.729855 8.382425 9.092932 9.813502 10.564242 11.162640 11.905312 12.598843 13.255033 14.087365 14.735106 15.380194 16.308703 17.018009 
1.999777 2.446267 0.406917 0.206917 3.478897 4.247193 4.921207 5.624742 6.342400 7.046409 7.730005 8.382437 9.092932 9.813729 10.564356 11.162640 11.905760 12.598259 13.255117 14.087302 14.733743 15.380513 16.310043 17.018827 
1.999012 2.097503 0.224170 0.264843 3.478900 4.247318 4.921205 5.624742 6.342407 7.046360 7.729970 8.381971 9.092933 9.813465 10.564354 11.162640 11.905766 12.598438 13.255168 14.087283 14.733022 15.380515 16.310074 17.018830 
1.997678 1.368993 0.394217 0.198653 3.479125 4.247656 4.921269 5.624910 6.340979 7.046276 7.730003 8.380959 9.092931 9.814717 10.565661 11.162632 11.905330 12.599210 13.256283 14.087199 14.733750 15.380432 16.310069 17.018779 
1.997688 1.368993 0.392778 0.607833 3.479125 4.247656 4.921270 5.624908 6.340979 7.046168 7.730003 8.380959 9.092931 9.814699 10.565661 11.162632 11.905330 12.599210 13.254873 14.087199 14.733750 15.380432 16.310071 17.018827 
1.999198 2.097503 0.225053 0.264765 3.478900 4.247669 4.922740 5.624917 6.342407 7.046361 7.729970 8.382438 9.092933 9.813465 10.564242 11.162638 11.905766 12.598437 13.255030 14.086939 14.734266 15.380187 16.310092 17.018830 
1.999777 2.457953 0.179115 0.206917 3.478901 4.247186 4.921206 5.624742 6.342400 7.046409 7.730005 8.382449 9.092932 9.813725 10.564356 11.162640 11.905760 12.597948 13.255117 14.087290 14.733064 15.380513 16.308743 17.018827 
1.999013 2.457953 0.179115 0.206917 3.478901 4.247186 4.921206 5.624742 6.342400 7.047148 7.729697 8.382438 9.092932 9.813725 10.564356 11.162645 11.905316 12.598452 13.255117 14.087290 14.733064 15.380514 16.308743 17.018778 
1.999774 2.684984 0.222771 0.261788 3.478900 4.247210 4.921322 5.624753 6.342401 7.046412 7.730003 8.382449 9.092932 9.813465 10.564242 11.162640 11.905762 12.597951 13.255130 14.087020 14.735339 15.380197 16.309676 17.018827 
1.999548 2.073345 0.406078 0.268206 3.478896 4.247665 4.921269 5.624901 6.342330 7.046170 7.729968 8.382437 9.092933 9.814762 10.565644 11.162632 11.905766 12.598260 13.254882 14.087302 14.733741 15.380513 16.310093 17.018778 
1.999561 2.684176 0.040913 0.193150 3.478508 4.247661 4.921299 5.624744 6.342347 7.046498 7.730035 8.382438 9.092933 9.813724 10.564247 11.162638 11.905289 12.598432 13.255031 14.087382 14.734249 15.380514 16.309691 17.018779 
1.999198 2.095798 0.225053 0.264765 3.478900 4.247669 4.921287 5.624741 6.342407 7.046449 7.730035 8.382438 9.092933 9.813465 10.564242 11.162638 11.905766 12.598437 13.255030 14.087290 14.734266 15.380187 16.310083 17.018830 
1.999561 2.261548 0.040887 0.176540 3.478508 4.247661 4.921301 5.624744 6.342347 7.046449 7.730035 8.382438 9.092934 9.813726 10.564356 11.162638 11.905305 12.598437 13.255031 14.087301 14.734248 15.380516 16.309691 17.018779 
1.176677 3.517188 0.048033 2.097833 3.479019 4.247743 4.921090 5.624899 6.342400 7.048014 7.729698 8.382494 9.092932 9.814697 10.565706 11.162630 11.905749 12.598723 13.255201 14.091514 14.733062 15.378546 16.308736 17.018816 
1.209024 2.839239 0.023794 0.054356 3.478896 4.247212 4.921069 5.624893 6.342456 7.046351 7.729666 8.430915 9.092929 9.813471 10.564207 11.162646 11.905323 12.598667 13.255054 14.087011 14.734119 15.380531 16.308796 17.017792 
