1.999972 0.014337 0.331569 0.006244 3.507446 4.208881 4.889976 5.621252 6.345607 6.972170 7.722714 8.386834 9.075992 9.847899 10.495551 11.208910 11.891530 12.590851 13.362086 14.065312 14.698337 15.398097 16.120574 16.821364 
1.582847 0.258784 3.011182 0.016400 3.507446 4.208882 4.889879 5.621253 6.347333 6.972194 7.724638 8.385488 9.075795 9.847886 10.495547 11.208928 11.891533 12.590991 13.362567 14.065295 14.697559 15.398100 16.120568 16.821567 
1.999810 1.402011 0.013452 0.031433 3.507445 4.208850 4.889980 5.621252 6.347257 6.972170 7.722747 8.386645 9.075993 9.848651 10.495534 11.208893 11.891530 12.590849 13.361918 14.065314 14.698326 15.398043 16.120575 16.821350 
1.999821 1.107771 0.718113 0.010634 3.507446 4.208850 4.889974 5.621252 6.347260 6.972193 7.724080 8.386836 9.146862 9.847838 10.495551 11.208922 11.891537 12.590849 13.362073 14.065314 14.697569 15.398054 16.120578 16.821331 
1.999971 0.064924 2.971390 0.000975 3.507430 4.208850 4.889976 5.621253 6.345634 6.972170 7.722713 8.386838 9.076005 9.847864 10.495534 11.208920 11.891532 12.590946 13.361922 14.065324 14.698335 15.398052 16.120575 16.821353 
1.999971 0.679952 0.100947 0.001523 3.507446 4.208885 4.889976 5.621252 6.347234 6.972201 7.722775 8.386830 9.076564 9.847899 10.495551 11.208896 11.891543 12.590941 13.362089 14.065312 14.698352 15.397327 16.120320 16.821535 
1.999807 0.368625 1.576356 0.024045 3.507446 4.208882 4.889977 5.621253 6.345364 6.972179 7.722677 8.386752 9.076000 9.847871 10.495560 11.208076 11.891466 12.590940 13.361937 14.065314 14.698331 15.397511 16.120301 16.821445 
1.999968 0.023171 0.332951 0.000892 3.507445 4.208850 4.889980 5.621253 6.345607 6.972170 7.722715 8.386657 9.076001 9.847865 10.495550 11.208893 11.891532 12.590943 13.361935 14.064802 14.698335 15.398117 16.120569 16.821551 
1.999971 0.496073 0.167328 0.011460 3.507446 4.208885 4.889976 5.621252 6.347239 6.972169 7.722775 8.386830 9.076564 9.847899 10.495551 11.208892 11.891532 12.590941 13.362558 14.065312 14.698352 15.397327 16.120575 16.821350 
1.998749 0.621752 2.974505 0.009817 3.507446 4.208850 4.889976 5.621254 6.347332 6.972169 7.722813 8.386637 9.075810 9.848742 10.495551 11.208931 11.891532 12.590852 13.361936 14.065087 14.698324 15.397356 16.120375 16.821352 
1.999969 0.015918 0.114433 0.006244 3.507446 4.208881 4.889974 5.621252 6.345607 6.972169 7.722714 8.386836 9.075996 9.847899 10.495551 11.208910 11.891530 12.590851 13.361963 14.065314 14.698327 15.398108 16.120574 16.821352 
1.999819 1.048175 0.122784 0.388701 3.507445 4.208882 4.889919 5.621285 6.347260 6.972214 7.724669 8.385508 9.075785 9.848727 10.495555 11.208889 11.890203 12.590908 13.362073 14.065314 14.698319 15.398084 16.120574 16.821536 
1.999824 0.019992 2.970296 0.000576 3.507430 4.208849 4.889976 5.621253 6.345595 6.972169 7.722713 8.386755 9.075996 9.847866 10.495551 11.208920 11.891530 12.590852 13.361936 14.065314 14.698326 15.398116 16.120575 16.821537 
1.999969 0.015918 0.114433 0.006306 3.507446 4.208850 4.889976 5.621252 6.345554 6.972169 7.722714 8.386839 9.075996 9.847899 10.495534 11.208910 11.891532 12.590851 13.361962 14.065314 14.698327 15.398108 16.120574 16.821352 
1.999822 0.252539 2.964437 0.030151 3.507436 4.208850 4.889978 5.621253 6.345555 6.972171 7.722712 8.386790 9.076005 9.847865 10.495551 11.208919 11.891532 12.590852 13.361919 14.065327 14.698327 15.398099 16.120575 16.821538 
1.999833 0.516992 2.827101 0.010534 3.507445 4.208850 4.889973 5.621253 6.347384 6.972194 7.724067 8.386841 9.144621 9.847843 10.495534 11.207937 11.890128 12.590911 13.327561 14.065359 14.697437 15.398099 16.120381 16.821567 
1.999819 0.523777 0.174137 0.010631 3.507446 4.208850 4.889975 5.621284 6.347239 6.972213 7.722811 8.386836 9.075787 9.847904 10.495551 11.208889 11.891530 12.590935 13.362080 14.065314 14.698326 15.398100 16.120575 16.821533 
1.925990 0.014337 0.321488 0.006244 3.507446 4.208881 4.889976 5.621252 6.345607 6.972170 7.722714 8.386834 9.075992 9.847899 10.495526 11.208910 11.891529 12.590851 13.362086 14.065312 14.698337 15.398105 16.120574 16.821364 
1.999821 0.242195 2.970296 0.029976 3.507430 4.208850 4.889976 5.621253 6.345595 6.972169 7.722713 8.386755 9.076001 9.847866 10.495551 11.208920 11.891530 12.590852 13.361936 14.065324 14.698326 15.398116 16.120575 16.821537 
1.999968 0.023171 0.037498 0.000908 3.507445 4.208850 4.889980 5.621253 6.345632 6.972170 7.722694 8.386649 9.075786 9.847865 10.495534 11.208893 11.891532 12.590943 13.361936 14.064811 14.698335 15.398116 16.120569 16.821551 
1.999821 1.107771 1.305201 0.010634 3.507446 4.208850 4.889974 5.621284 6.347260 6.972198 7.724080 8.386836 9.075782 9.847842 10.495551 11.208920 11.891535 12.590850 13.362073 14.065314 14.697554 15.398054 16.120578 16.821549 
1.999821 1.107771 0.125792 0.010634 3.507446 4.208850 4.889974 5.621252 6.347260 6.972198 7.724080 8.386836 9.075782 9.847842 10.495551 11.208920 11.890176 12.590849 13.362073 14.065314 14.697569 15.398054 16.120578 16.821549 
1.999970 0.377855 2.975809 0.389203 3.507439 4.208883 4.889919 5.621282 6.347224 6.972158 7.724595 8.385488 9.075984 9.847888 10.495203 11.209216 11.891532 12.590909 13.361968 14.065314 14.698333 15.398114 16.120575 16.821531 
1.999919 1.084157 0.341215 0.006473 3.507439 4.208877 4.889887 5.621679 6.347835 6.972173 7.722662 8.386636 9.078174 9.847858 10.495461 11.208895 11.891820 12.590879 13.362609 14.065019 14.698337 15.397527 16.120579 16.821537 
1.999917 0.014337 0.331569 0.006244 3.507446 4.208881 4.889974 5.621252 6.345607 6.972169 7.722714 8.386834 9.075996 9.847899 10.495551 11.208910 11.891530 12.590851 13.361963 14.065312 14.698337 15.398108 16.120574 16.821364 
1.999821 0.242917 2.982119 0.010835 3.507439 4.208850 4.889976 5.621252 6.347239 6.972198 7.722716 8.386839 9.076000 9.847898 10.495551 11.208920 11.891530 12.590852 13.361919 14.065314 14.698326 15.398053 16.120575 16.821352 
1.999917 0.014337 0.331569 0.006244 3.507446 4.208881 4.889974 5.621252 6.345607 6.972169 7.722714 8.386834 9.075996 9.847899 10.495551 11.208910 11.891530 12.590851 13.361963 14.065312 14.698337 15.398108 16.120574 16.821364 
1.999822 0.523777 0.174137 0.010631 3.507446 4.208850 4.889976 5.621252 6.347239 6.972117 7.722811 8.386836 9.076000 9.847899 10.495551 11.208947 11.891530 12.590934 13.361919 14.065314 14.698326 15.398100 16.120575 16.821352 
1.999970 0.526839 3.030877 0.389203 3.507446 4.208883 4.889919 5.621282 6.347240 6.972158 7.724595 8.385488 9.075984 9.847888 10.495205 11.209216 11.891532 12.590935 13.361919 14.065314 14.698333 15.398114 16.120575 16.821531 
1.999968 0.003210 2.925121 0.000908 3.507445 4.208850 4.889980 5.621253 6.345632 6.972170 7.722694 8.386649 9.075785 9.847864 10.495552 11.208920 11.891532 12.590946 13.361919 14.065315 14.698335 15.398052 16.120575 16.821347 
1.999819 1.051613 0.122784 0.388701 3.507445 4.208882 4.889919 5.621285 6.347260 6.972214 7.722775 8.385508 9.076003 9.848727 10.495551 11.208889 11.890218 12.590908 13.362073 14.065314 14.698319 15.398084 16.120574 16.821536 
1.999821 0.239732 3.020581 0.030249 3.507435 4.208850 4.889978 5.621253 6.345555 6.972170 7.722713 8.386790 9.076005 9.847866 10.495534 11.208920 11.891532 12.590852 13.361922 14.065326 14.698327 15.398054 16.120575 16.821538 
1.999821 0.239732 2.970296 0.000779 3.507439 4.208850 4.889976 5.621253 6.345555 6.972170 7.722715 8.386839 9.076005 9.847866 10.495534 11.208893 11.891532 12.590852 13.361936 14.065324 14.698326 15.398054 16.120575 16.821537 
1.999822 2.961648 5.290542 0.004263 3.507442 4.208882 4.889784 5.621278 6.345666 6.972224 7.722895 8.385575 9.147105 9.848729 10.495266 11.209246 11.891530 12.590125 13.362557 14.065254 14.698312 15.398093 16.120188 16.821525 
1.996934 3.874880 5.970500 0.004202 3.507433 4.208859 4.889857 5.621175 6.347260 6.972177 7.723449 8.385591 9.145191 9.848820 10.495553 11.209240 11.891576 12.590648 13.362637 14.065809 14.697804 15.397406 16.123901 16.825503 
1.996913 3.011059 5.946790 0.006034 3.507432 4.208859 4.889855 5.621674 6.347336 6.972140 7.723467 8.385313 9.145196 9.848729 10.495481 11.209309 11.891557 12.590679 13.362637 14.065147 14.697563 15.397532 16.120562 16.822183 
1.999987 3.423239 5.462802 0.007838 3.507430 4.208858 4.889861 5.621270 6.347395 6.972175 7.723440 8.386722 9.146866 9.848820 10.495534 11.208686 11.891795 12.590648 13.362637 14.039732 14.697200 15.397402 16.120383 16.821619 
1.996913 3.011481 4.984373 0.006096 3.507414 4.208859 4.889943 5.621176 6.347336 6.971647 7.722808 8.385313 9.146032 9.848729 10.495481 11.209315 11.891558 12.590679 13.362637 14.065148 14.697459 15.397532 16.120207 16.821614 
1.999988 3.207122 5.462802 0.001956 3.508482 4.208858 4.889731 5.621270 6.347254 6.972175 7.723440 8.386749 9.146866 9.848820 10.495534 11.208686 11.889586 12.589051 13.362638 14.040601 14.697200 15.397410 16.123815 16.825378 
1.996934 3.874952 5.797673 0.006946 3.507445 4.208859 4.889857 5.621175 6.347268 6.971654 7.723449 8.385591 9.145191 9.848729 10.495553 11.209264 11.891528 12.590646 13.361920 14.065809 14.697804 15.397408 16.120422 16.825503 
1.999439 3.879786 0.160783 0.014134 3.507445 4.208883 4.889921 5.621253 6.347381 6.971652 7.722729 8.386650 9.144743 9.848730 10.495533 11.207910 11.891531 12.590831 13.361919 14.065133 14.697487 15.397302 16.120375 16.821480 
1.999979 2.573322 0.034862 0.006671 3.507445 4.208882 4.889869 5.621253 6.347384 6.971652 7.722720 8.385828 9.144327 9.848731 10.495532 11.209227 11.891614 12.590831 13.362078 14.065215 14.698664 15.398156 16.120369 16.821479 
1.999707 2.725945 0.503051 0.007999 3.507445 4.208882 4.889870 5.621390 6.347390 6.971665 7.722719 8.386609 9.144327 9.847884 10.495534 11.207939 11.891532 12.590910 13.361996 14.065375 14.698297 15.398099 16.120572 16.821567 
1.999816 2.785878 0.148404 0.006450 3.507435 4.208858 4.889877 5.621252 6.347380 6.971641 7.722793 8.386759 9.076019 9.848720 10.495522 11.207874 11.891536 12.590912 13.362072 14.065363 14.698298 15.398139 16.119976 16.821325 
1.999706 2.910805 0.503962 0.637228 3.507439 4.208850 4.889920 5.621252 6.347239 6.972210 7.722819 8.386609 9.075653 9.848820 10.495522 11.208905 11.891536 12.590910 13.361967 14.065375 14.698298 15.398102 16.120575 16.821329 
1.999960 2.725811 0.459501 0.785352 3.507445 4.208851 4.889897 5.621391 6.347836 6.971642 7.724636 8.386652 9.075787 9.847894 10.495554 11.208908 11.891544 12.590910 13.361969 14.065174 14.698672 15.398064 16.120573 16.821569 
1.999546 3.492943 1.238631 0.098099 3.507435 4.208883 4.889926 5.621248 6.347378 6.971658 7.722727 8.386622 9.075615 9.848818 10.495561 11.209683 11.891533 12.590909 13.361999 14.065295 14.698713 15.397484 16.120380 16.821962 
1.998106 2.669438 0.269758 0.166569 3.507445 4.208876 4.889977 5.621252 6.347239 6.971643 7.722720 8.386627 9.075893 9.847886 10.495554 11.208920 11.891532 12.590909 13.361994 14.065365 14.698347 15.398154 16.120380 16.821567 
1.999998 2.721049 0.578513 0.981654 3.507436 4.208883 4.889975 5.621252 6.347367 6.972166 7.724088 8.386630 9.075604 9.848727 10.495543 11.209229 11.891532 12.590874 13.362589 14.065314 14.698301 15.398087 16.120038 16.821334 
1.999950 3.280180 0.989700 0.006642 3.507435 4.208882 4.889922 5.621253 6.347384 6.971652 7.722720 8.386650 9.145576 9.848736 10.495533 11.208909 11.891533 12.590850 13.362078 14.065379 14.697487 15.397302 16.119973 16.821529 
1.999884 2.809737 0.792428 0.790981 3.507445 4.208882 4.889870 5.621255 6.347333 6.971639 7.722788 8.386817 9.145353 9.848720 10.495535 11.208887 11.891544 12.590815 13.361996 14.065312 14.697502 15.397469 16.120564 16.821330 
1.999948 3.879786 0.972268 0.006800 3.507445 4.208883 4.889921 5.621253 6.347381 6.971652 7.722718 8.386650 9.144743 9.848730 10.495533 11.207910 11.891531 12.590831 13.361917 14.065139 14.697487 15.397302 16.120378 16.821490 
1.999985 2.725945 0.731383 0.007999 3.507445 4.208882 4.889869 5.621392 6.347384 6.971642 7.722719 8.386629 9.144327 9.847887 10.495534 11.207932 11.891533 12.590910 13.361996 14.065366 14.697437 15.397288 16.120381 16.821567 
1.995550 3.412160 1.279113 0.127941 3.507435 4.208883 4.889871 5.621252 6.347384 6.972165 7.724074 8.386779 9.145353 9.848816 10.495534 11.207894 11.891533 12.590442 13.361998 14.065295 14.698650 15.398143 16.119973 16.821333 
1.999950 3.284639 0.989700 0.006643 3.507435 4.208882 4.889922 5.621253 6.347381 6.971652 7.722720 8.386650 9.145659 9.848736 10.495533 11.208909 11.891536 12.590850 13.362105 14.065379 14.697487 15.397302 16.119973 16.821529 
1.999885 2.795355 0.515454 0.006693 3.507447 4.208882 4.889870 5.621285 6.347381 6.971639 7.722760 8.386907 9.145331 9.848844 10.494305 11.207922 11.891533 12.590828 13.361995 14.065299 14.698646 15.398158 16.120374 16.821336 
1.999997 3.660194 0.575408 0.991557 3.507436 4.208883 4.889903 5.621252 6.347367 6.972166 7.724088 8.386630 9.075604 9.848727 10.495543 11.209229 11.891532 12.590874 13.362600 14.065289 14.697791 15.397272 16.120378 16.821334 
1.999985 2.725945 0.267476 0.006661 3.507445 4.208882 4.889869 5.621390 6.347381 6.971642 7.722720 8.386629 9.144327 9.847887 10.495554 11.207931 11.891612 12.590833 13.361992 14.065366 14.697437 15.397288 16.120376 16.821479 
1.999997 3.660194 0.579355 0.006602 3.507447 4.208883 4.889903 5.621252 6.347381 6.972166 7.724088 8.386648 9.075604 9.848823 10.495543 11.208905 11.891532 12.590849 13.362600 14.065289 14.697791 15.397282 16.120378 16.825550 
1.999976 3.715972 1.285054 0.045639 3.507428 4.208858 4.889929 5.621252 6.347351 6.971621 7.724636 8.385887 9.144841 9.848816 10.495528 11.207827 11.891536 12.590899 13.361993 14.065299 14.698338 15.398158 16.133277 16.821476 
1.999985 2.722213 0.731383 0.008018 3.507445 4.208882 4.889869 5.621394 6.347384 6.971642 7.722719 8.386629 9.144327 9.847887 10.495534 11.207932 11.891533 12.590910 13.361997 14.065366 14.697437 15.397288 16.120381 16.821572 
1.999985 2.725945 0.268981 0.006252 3.507445 4.208882 4.889869 5.621390 6.347384 6.971642 7.722720 8.386629 9.144327 9.847887 10.495554 11.209226 11.891543 12.590910 13.361996 14.065366 14.697437 15.397288 16.120376 16.821567 
1.995550 2.809835 0.792428 0.007929 3.507435 4.208883 4.889871 5.621252 6.347333 6.971652 7.722773 8.386809 9.145353 9.848821 10.495551 11.207901 11.891533 12.590831 13.362036 14.065383 14.698599 15.397474 16.119959 16.821333 
1.999990 3.995515 0.161320 0.001461 3.507431 4.208878 4.889922 5.621394 6.347384 6.972190 7.722731 8.386651 9.075787 9.848731 10.495535 11.208908 11.891544 12.590900 13.361996 14.065207 14.697500 15.398114 16.120574 16.821569 
1.999833 2.725945 0.731383 0.007999 3.507445 4.208882 4.889869 5.621392 6.347384 6.971653 7.722719 8.386629 9.144327 9.847888 10.495534 11.207939 11.891532 12.590910 13.361996 14.065359 14.697437 15.398099 16.120381 16.821567 
1.995570 2.809835 0.587801 0.013625 3.507445 4.208882 4.890189 5.621252 6.347384 6.972112 7.724077 8.386828 9.074284 9.848817 10.495551 11.207919 11.891533 12.590424 13.361993 14.065289 14.698645 15.397470 16.120363 16.821333 
1.999836 3.543147 0.282482 0.623746 3.507447 4.208878 4.889923 5.621252 6.347242 6.971653 7.724055 8.385836 9.145009 9.847925 10.495228 11.209224 11.891613 12.590829 13.361990 14.065131 14.698663 15.398114 16.120363 16.821329 
1.999703 3.791468 0.265940 0.007939 3.507447 4.208882 4.889869 5.621252 6.347381 6.971652 7.724064 8.385841 9.147424 9.848817 10.495540 11.207907 11.891534 12.590844 13.361995 14.065381 14.698715 15.398162 16.133193 16.821491 
1.999948 3.546553 0.972268 0.006800 3.507445 4.208883 4.889921 5.621253 6.347381 6.971652 7.722718 8.386650 9.145665 9.848730 10.495533 11.207910 11.891536 12.590850 13.361917 14.065139 14.697487 15.397302 16.119981 16.821490 
1.999703 2.725945 0.255508 0.006192 3.507445 4.208882 4.889869 5.621390 6.347390 6.971643 7.722719 8.386629 9.144327 9.847887 10.495554 11.209226 11.891543 12.590910 13.361996 14.065366 14.697434 15.398096 16.120376 16.821567 
1.997054 3.895545 0.579948 0.008348 3.507194 4.208859 4.889729 5.621284 6.347859 6.972153 7.724083 8.386615 9.137542 9.848726 10.495458 11.209326 11.891559 12.590635 13.362063 14.065294 14.697802 15.397529 16.120582 16.821572 
1.999948 3.996880 0.965079 0.006794 3.507431 4.208883 4.889922 5.621253 6.347381 6.972187 7.722718 8.386650 9.144743 9.848730 10.495535 11.208909 11.891531 12.590831 13.361997 14.065139 14.697437 15.397302 16.120378 16.821490 
1.999821 2.910805 0.158975 0.618081 3.507439 4.208851 4.889920 5.621252 6.347239 6.972170 7.722727 8.386759 9.076017 9.847892 10.495522 11.208905 11.891532 12.590909 13.361967 14.065314 14.698298 15.398102 16.120575 16.821329 
1.995858 3.879226 1.181788 0.014104 3.507432 4.208859 4.889869 5.621285 6.345492 6.972140 7.724657 8.385472 9.075804 9.847868 10.495489 11.207902 11.891531 12.590830 13.361922 14.065135 14.697462 15.398083 16.120076 16.822187 
1.999821 2.728500 0.158975 0.003201 3.507445 4.208851 4.889870 5.621252 6.347239 6.972170 7.722727 8.386759 9.076017 9.847892 10.495522 11.208925 11.891532 12.590910 13.361968 14.065366 14.698298 15.397300 16.120381 16.821329 
1.999996 2.728500 0.158975 0.006395 3.507445 4.208883 4.889869 5.621252 6.347239 6.972170 7.722727 8.386759 9.076017 9.847892 10.495522 11.208925 11.891532 12.590848 13.361968 14.065366 14.698288 15.397300 16.120378 16.821329 
1.957253 2.265208 5.046568 0.006688 3.507432 4.208859 4.889913 5.621209 6.347257 6.971220 7.722890 8.385591 9.145762 9.848729 10.495481 11.209246 11.891553 12.590913 13.361926 14.065147 14.697758 15.397529 16.120536 16.822183 
1.999960 2.193972 0.040400 0.000908 3.507445 4.208878 4.889921 5.621252 6.345565 6.972214 7.722732 8.386647 9.075787 9.847941 10.495553 11.208908 11.891543 12.590849 13.362082 14.065212 14.698324 15.398061 16.120571 16.821530 
1.999960 2.194007 0.397899 0.000376 3.507430 4.208878 4.889922 5.621249 6.345565 6.972214 7.722732 8.386644 9.075787 9.848731 10.495553 11.208908 11.891543 12.590848 13.361996 14.065214 14.698330 15.398128 16.120570 16.821529 
1.999960 2.195193 0.044770 0.000888 3.507431 4.208878 4.889921 5.621252 6.345500 6.972215 7.722731 8.386647 9.075786 9.847923 10.495519 11.208899 11.891543 12.590848 13.361996 14.065150 14.698642 15.398128 16.119963 16.821530 
1.999960 2.194007 0.397899 0.000376 3.507431 4.208878 4.889922 5.621249 6.345565 6.972214 7.722732 8.386644 9.075787 9.848731 10.495553 11.208908 11.891543 12.590848 13.361996 14.065214 14.698330 15.398128 16.120570 16.821529 
1.974967 2.194733 0.027029 0.000910 3.507431 4.208878 4.889922 5.621253 6.345566 6.972214 7.722732 8.386636 9.075787 9.848736 10.495553 11.208908 11.891543 12.590850 13.361927 14.065214 14.698633 15.398128 16.120569 16.821529 
1.999960 2.176706 0.169169 0.197015 3.507445 4.208878 4.889925 5.621249 6.345565 6.972215 7.722733 8.386647 9.075787 9.847890 10.495553 11.208908 11.891543 12.590849 13.362618 14.065216 14.698324 15.398121 16.120571 16.821530 
1.999960 2.194007 0.166043 0.000888 3.507445 4.208878 4.889921 5.621252 6.345565 6.972215 7.722731 8.386647 9.075786 9.847923 10.495519 11.208908 11.891543 12.590848 13.361996 14.065227 14.698642 15.398128 16.120569 16.821530 
1.999960 2.194007 0.166043 0.000376 3.507445 4.208878 4.889925 5.621249 6.345565 6.972215 7.722732 8.386647 9.075787 9.848731 10.495553 11.208908 11.891543 12.590848 13.361995 14.065214 14.698330 15.398121 16.120571 16.821530 
1.999967 2.332418 0.244002 0.031765 3.507431 4.208851 4.889920 5.621259 6.347383 6.971652 7.722669 8.386628 9.075787 9.847932 10.495529 11.208906 11.891504 12.590937 13.361995 14.065885 14.698626 15.398154 16.120582 16.821333 
1.999971 2.145678 0.044079 0.001038 3.507431 4.208882 4.889921 5.621252 6.347394 6.971641 7.722731 8.386648 9.076595 9.847928 10.495554 11.208899 11.891528 12.590849 13.362101 14.065150 14.698652 15.398063 16.119967 16.821541 
1.999960 2.193978 0.030352 0.000907 3.507445 4.208878 4.889922 5.621249 6.345566 6.972214 7.722732 8.386647 9.075787 9.848736 10.495553 11.208908 11.891543 12.590848 13.361926 14.065214 14.698634 15.398128 16.120571 16.821530 
1.999960 2.194007 0.166043 0.000376 3.507445 4.208878 4.889922 5.621249 6.345565 6.972214 7.722732 8.386647 9.075787 9.848731 10.495553 11.208908 11.891543 12.590848 13.361996 14.065214 14.698330 15.398128 16.120571 16.821530 
1.999960 2.194007 0.166043 0.000376 3.507445 4.208878 4.889922 5.621249 6.345565 6.972214 7.722732 8.386647 9.075787 9.848731 10.495553 11.208908 11.891543 12.590848 13.361996 14.065214 14.698330 15.398128 16.120571 16.821530 
1.999970 2.168682 0.038451 0.000907 3.507431 4.208848 4.889921 5.621252 6.345546 6.972170 7.722731 8.386647 9.075786 9.847909 10.495518 11.208908 11.891532 12.590848 13.361970 14.064802 14.698641 15.398128 16.120569 16.821525 
1.999960 2.194007 0.166043 0.000376 3.507445 4.208878 4.889922 5.621249 6.345565 6.972214 7.722732 8.386647 9.075787 9.848731 10.495553 11.208908 11.891543 12.590848 13.361996 14.065214 14.698330 15.398128 16.120571 16.821530 
1.999960 2.194007 0.166043 0.000376 3.507445 4.208878 4.889922 5.621249 6.345565 6.972214 7.722732 8.386647 9.075787 9.848731 10.495553 11.208908 11.891543 12.590848 13.361996 14.065214 14.698330 15.398128 16.120571 16.821530 
1.249218 3.867750 0.094559 0.627371 3.507436 4.208882 4.889921 5.621284 6.347380 6.971655 7.722675 8.386633 9.075877 9.848730 10.495534 11.207826 11.891618 12.590902 13.361935 14.065091 14.698350 15.398103 16.120375 16.821373 
1.249218 3.867750 0.094559 0.627371 3.507436 4.208882 4.889921 5.621284 6.347380 6.971655 7.722675 8.386633 9.075877 9.848730 10.495534 11.207826 11.891618 12.590902 13.361935 14.065091 14.698350 15.398103 16.120375 16.821373 
1.249218 3.867750 0.152284 0.976525 3.507436 4.208882 4.889977 5.621284 6.347380 6.971655 7.722675 8.386633 9.075877 9.848730 10.495534 11.207826 11.891620 12.590902 13.361935 14.065091 14.698350 15.398103 16.120375 16.821373 
1.249218 3.867750 0.094559 0.627371 3.507436 4.208882 4.889921 5.621284 6.347380 6.971655 7.722675 8.386633 9.075877 9.848730 10.495534 11.207826 11.891618 12.590902 13.361935 14.065091 14.698350 15.398103 16.120375 16.821373 
1.249218 3.867750 0.094559 0.629343 3.507436 4.208882 4.889921 5.621284 6.347380 6.971655 7.722675 8.386633 9.075877 9.848730 10.495534 11.207826 11.891618 12.590902 13.361935 14.065091 14.698350 15.398103 16.120375 16.821373 
1.154468 0.081583 0.098561 0.990098 3.507446 4.208882 4.889973 5.621265 6.345534 6.972199 7.722774 8.386633 9.075876 9.847899 10.495533 11.208896 11.891531 12.590880 13.362092 14.065310 14.698350 15.398115 16.120377 16.821539 
1.913578 0.158000 0.301890 0.268497 3.507430 4.208882 4.889921 5.621259 6.345560 6.972194 7.722698 8.386637 9.075897 9.847922 10.495533 11.208920 11.891534 12.590880 13.361937 14.065090 14.698357 15.398137 16.120599 16.821307 
1.154468 0.003483 0.305914 0.990098 3.507436 4.208882 4.889871 5.621265 6.345537 6.972199 7.722732 8.386633 9.075898 9.847886 10.495533 11.208920 11.891531 12.590879 13.361935 14.065091 14.698347 15.398113 16.120574 16.821373 
1.154468 0.081583 0.305914 0.990098 3.507436 4.208882 4.889867 5.621265 6.345537 6.972199 7.722705 8.386633 9.075898 9.847900 10.495533 11.208906 11.891531 12.590880 13.361935 14.065091 14.698350 15.398115 16.120377 16.821373 
1.770625 0.081710 3.018965 0.252977 3.507445 4.208882 4.889977 5.621259 6.345543 6.972189 7.722715 8.386771 9.075891 9.847886 10.495533 11.208919 11.891532 12.590942 13.361919 14.065312 14.698350 15.398295 16.120567 16.821539 
1.154468 0.081583 0.305914 0.990098 3.507436 4.208882 4.889867 5.621265 6.345537 6.972199 7.722705 8.386633 9.075898 9.847900 10.495533 11.208906 11.891531 12.590880 13.361935 14.065091 14.698350 15.398115 16.120377 16.821373 
1.154468 0.003483 0.245104 0.990098 3.507436 4.208882 4.889871 5.621265 6.345537 6.972199 7.722732 8.386770 9.075898 9.847886 10.495533 11.208920 11.891531 12.590879 13.361938 14.065313 14.698347 15.398157 16.120570 16.821373 
1.913578 0.158000 0.299818 0.267971 3.507429 4.208882 4.889921 5.621259 6.345554 6.972194 7.722698 8.386775 9.075891 9.847922 10.495534 11.208920 11.891532 12.590880 13.361918 14.065315 14.698357 15.398159 16.120599 16.821307 
1.871546 0.004631 0.301980 0.998518 3.507445 4.208876 4.889975 5.621252 6.347242 6.971664 7.722732 8.386771 9.075898 9.847887 10.495533 11.208906 11.891532 12.590942 13.361936 14.065314 14.698347 15.398158 16.120570 16.821371 
1.154468 0.081583 0.305914 0.990098 3.507436 4.208882 4.889867 5.621265 6.345537 6.972199 7.722705 8.386633 9.075898 9.847900 10.495533 11.208906 11.891531 12.590880 13.361935 14.065091 14.698350 15.398115 16.120377 16.821373 
1.116243 0.080481 0.305914 1.017731 3.507436 4.208882 4.889867 5.621265 6.345537 6.972194 7.722705 8.386633 9.075897 9.847900 10.495533 11.208906 11.891531 12.590880 13.361935 14.065091 14.698357 15.398115 16.120377 16.821373 
1.770625 0.004730 3.018965 0.266355 3.507445 4.208882 4.889977 5.621259 6.347239 6.972189 7.722715 8.386771 9.075891 9.847886 10.495552 11.208919 11.891532 12.590942 13.361919 14.065145 14.698347 15.398290 16.120570 16.821531 
1.154468 0.004048 0.099064 0.990098 3.507446 4.208882 4.889877 5.621265 6.345534 6.972199 7.722734 8.386633 9.075876 9.847899 10.495533 11.208896 11.891531 12.590880 13.362093 14.065310 14.698350 15.398115 16.120377 16.821543 
1.154468 0.081962 0.305914 0.990098 3.507436 4.208882 4.889867 5.621265 6.345537 6.972199 7.722687 8.386633 9.075898 9.847900 10.495533 11.208906 11.891531 12.590880 13.361935 14.065091 14.698350 15.398115 16.120574 16.821373 
1.999979 2.573322 0.448838 0.021993 3.507445 4.208851 4.889869 5.621253 6.347384 6.971643 7.724631 8.385828 9.144327 9.848704 10.495532 11.209227 14.016939 12.590831 13.362081 14.065215 14.698672 15.398156 16.120369 16.821479 
1.999821 2.087108 5.107479 0.010574 3.507439 4.208882 4.889976 5.621253 6.347260 6.972170 7.722791 8.385578 9.075800 9.848740 10.495555 11.209234 11.890203 12.590908 13.362537 14.065314 14.698297 15.398053 16.120574 16.821525 
1.999795 2.171320 4.393013 0.006679 3.507414 4.208861 4.890219 5.621279 6.347546 6.971644 7.722895 8.385575 9.075603 9.848729 10.495543 11.209246 11.891520 12.590132 13.362557 14.065837 14.697758 15.397533 16.120188 16.821525 
1.999832 2.194007 5.052285 0.000376 3.507430 4.208888 4.889926 5.621249 6.345568 6.972214 7.722894 8.386644 9.075787 9.848731 10.495554 11.208908 11.891529 12.590865 13.362000 14.065215 14.697754 15.398128 16.120585 16.821529 
1.999832 2.194007 5.052285 0.000376 3.507430 4.208888 4.889926 5.621249 6.345581 6.972214 7.722925 8.386644 9.075787 9.848731 10.495553 11.208908 11.891529 12.590852 13.361996 14.065214 14.697762 15.398128 16.120571 16.821529 
1.999828 2.108966 4.912738 0.055979 3.507414 4.208859 4.889938 5.621175 6.347257 6.972205 7.722910 8.385591 9.146031 9.848729 10.495553 11.209246 11.891562 12.590889 13.361991 14.065112 14.697762 15.397543 16.120693 16.822154 
1.999891 2.159831 5.383460 0.013458 3.507435 4.208886 4.889923 5.621252 6.347349 6.971672 7.722894 8.386761 9.075800 9.848729 10.495524 11.208940 11.891546 12.590865 13.362557 14.065272 14.697755 15.397533 16.119980 16.821482 
1.999891 2.159831 5.383460 0.006718 3.507435 4.208886 4.889923 5.621252 6.347349 6.971654 7.722895 8.385598 9.075807 9.848729 10.495525 11.208903 11.891546 12.590865 13.362557 14.065065 14.697758 15.397533 16.119980 16.821482 
1.999828 2.108966 4.922635 0.055979 3.507414 4.208859 4.889944 5.621175 6.347254 6.972205 7.722745 8.385578 9.146031 9.848729 10.495553 11.209246 11.891562 12.590889 13.361991 14.065112 14.697762 15.397543 16.120203 16.822154 
1.999794 2.113436 5.368897 0.007996 3.507429 4.208862 4.890210 5.621279 6.347234 6.971635 7.723463 8.385575 9.145339 9.848729 10.495535 11.209246 11.891521 12.590851 13.362557 14.041718 14.697757 15.397533 16.120186 16.821481 
1.999828 2.106881 5.089365 0.006792 3.507413 4.208888 4.889942 5.621174 6.347254 6.971217 7.722743 8.385578 9.074200 9.848744 10.495543 11.209232 11.891562 12.590852 13.361997 14.065122 14.697761 15.398100 16.120192 16.821546 
1.999796 2.171554 5.386175 0.006718 3.507436 4.208861 4.889923 5.621252 6.347349 6.971655 7.722895 8.385598 9.075807 9.848729 10.495525 11.208903 11.891520 12.590865 13.362557 14.065065 14.697758 15.397533 16.119980 16.821482 
0.083131 2.957472 1.254375 0.625455 3.507429 4.208882 4.889926 5.621252 6.345631 6.972195 7.722696 8.386789 9.075899 9.847921 10.495524 11.208904 11.891533 12.590865 13.361930 14.065102 14.698351 15.398073 16.120402 16.821325 
1.174046 2.745394 0.476164 0.791712 3.507445 4.208882 4.889921 5.621252 6.345522 6.972178 7.724638 8.385488 9.145913 9.847900 10.495560 11.208906 11.891537 12.590909 13.361935 14.065173 14.698350 15.398064 16.120589 16.821960 
0.274529 0.057690 0.993269 0.245541 3.507446 4.208885 4.889978 5.621259 6.345569 6.972191 7.722787 8.386781 9.075979 9.847903 10.495534 11.208904 11.891531 12.590878 13.361935 14.065138 14.698297 15.398100 16.120575 16.821331 
0.023019 0.081583 0.305914 0.990098 3.507436 4.208882 4.889920 5.621253 6.345540 6.972199 7.722698 8.386633 9.075893 9.847921 10.495524 11.208906 11.891532 12.590880 13.361930 14.065090 14.698350 15.398532 16.120377 16.821373 
0.274529 3.069784 0.018653 0.133471 3.507446 4.208885 4.889978 5.621252 6.345569 6.972191 7.722786 8.386781 9.075979 9.847903 10.495534 11.208905 11.891531 12.590864 13.361937 14.065138 14.698297 15.398100 16.120575 16.821331 
0.275279 3.036460 0.308016 0.133471 3.507446 4.208877 4.889974 5.621252 6.345570 6.972197 7.722690 8.386782 9.075979 9.847877 10.495534 11.208905 11.891531 12.590894 13.361937 14.065369 14.698351 15.398101 16.120575 16.821331 
0.048035 0.292170 0.309575 1.390773 3.507435 4.208886 4.889971 5.621252 6.345539 6.972167 7.722702 8.386639 9.075896 9.847932 10.495534 11.208905 11.891532 12.590863 13.361929 14.065098 14.698350 15.398161 16.120374 16.821334 
0.274655 0.057690 0.427024 0.245541 3.507445 4.208887 4.889978 5.621253 6.345578 6.972191 7.722787 8.386781 9.075979 9.847903 10.495552 11.208904 11.891531 12.590879 13.361935 14.065379 14.698326 15.398100 16.120575 16.821538 
0.275349 3.567385 0.459423 0.137058 3.507446 4.208887 4.889879 5.621253 6.345573 6.972197 7.722697 8.386767 9.075905 9.848719 10.495536 11.208905 11.891506 12.590894 13.361930 14.065370 14.698326 15.398095 16.120577 16.821533 
0.023327 3.091077 0.305914 1.121860 3.507436 4.208882 4.889920 5.621253 6.345539 6.972199 7.722692 8.386633 9.076554 9.847922 10.495524 11.208904 11.891534 12.590880 13.361930 14.065098 14.698350 15.398532 16.120377 16.821373 
0.023019 3.091077 0.305914 1.121860 3.507436 4.208882 4.889920 5.621253 6.345539 6.972199 7.722694 8.386631 9.076554 9.847922 10.495524 11.208904 11.891534 12.590880 13.361930 14.065098 14.698350 15.398532 16.120377 16.821373 
0.022434 0.081583 1.201681 0.990098 3.507436 4.208882 4.889920 5.621265 6.345540 6.972199 7.722702 8.386633 9.075898 9.847902 10.495534 11.208906 11.891532 12.590880 13.361930 14.065091 14.698317 15.398115 16.120377 16.821374 
0.274190 2.988240 0.170927 0.133471 3.507446 4.208885 4.889978 5.621252 6.345569 6.972197 7.722786 8.386782 9.075979 9.847877 10.495534 11.208905 11.891531 12.590894 13.361937 14.065138 14.698297 15.398100 16.120575 16.821331 
0.300506 2.340477 5.228903 0.247384 3.507447 4.208888 4.890206 5.621263 6.347381 6.971643 7.724676 8.385462 9.075804 9.848740 10.495559 11.209269 11.891529 12.590869 13.362011 14.065293 14.698331 15.397489 16.120076 16.821537 
0.023876 0.081583 0.305914 0.990098 3.507436 4.208882 4.889920 5.621265 6.345540 6.972199 7.722702 8.386633 9.075898 9.847900 10.495534 11.208906 11.891532 12.590880 13.361930 14.065091 14.698350 15.398115 16.120377 16.821373 
0.386329 0.694707 1.088385 0.233158 3.507429 4.208882 4.889923 5.621255 6.345635 6.972200 7.724650 8.386779 9.075799 9.848739 10.495572 11.208902 11.891501 12.589383 13.361992 14.065138 14.698317 15.398099 16.120574 16.821529 
0.357894 2.467894 2.757186 0.974024 3.507428 4.208883 4.889922 5.621252 6.345510 6.972191 7.722638 8.386768 9.075800 9.848735 10.495524 11.208939 11.891509 12.590865 13.362592 14.065270 14.697558 15.398110 16.120101 16.821334 
0.352530 2.130619 2.771421 0.452263 3.507445 4.208883 4.889921 5.621258 6.345632 7.000331 7.722807 8.386789 9.075696 9.848739 10.495559 11.208915 11.889940 12.590871 13.362011 14.065143 14.698359 15.397207 16.120576 16.821331 
0.023876 0.081583 0.305914 0.990098 3.507436 4.208882 4.889920 5.621265 6.345540 6.972199 7.722698 8.386633 9.075893 9.847900 10.495534 11.208906 11.891532 12.590880 13.361930 14.065090 14.698350 15.398114 16.120377 16.821373 
0.083131 3.069170 1.233380 0.620363 3.507429 4.208882 4.889926 5.621390 6.345632 6.972169 7.722732 8.386781 9.076554 9.847922 10.495524 11.208904 11.891524 12.590878 13.361975 14.065140 14.698297 15.398169 16.119975 16.821318 
0.083131 2.490689 2.877594 0.620363 3.507429 4.208876 4.889926 5.621252 6.345649 6.972169 7.722696 8.386643 9.076561 9.847922 10.495524 11.208904 11.891536 12.590921 13.362573 14.065860 14.698342 15.402250 16.120731 16.821560 
0.385216 0.964882 5.322014 0.487002 3.507438 4.208883 4.889723 5.621265 6.347335 6.972195 7.724585 8.385428 9.075180 9.848739 10.495202 11.209612 11.891542 12.590876 13.362073 14.065056 14.697509 15.397488 16.120342 16.821547 
0.306318 3.024564 1.236431 1.564716 3.507435 4.208883 4.889920 5.621257 6.347386 6.972168 7.722739 8.386767 9.075687 9.847951 10.495524 11.208903 11.891513 12.589390 13.361990 14.065138 14.697543 15.397507 16.120591 16.821332 
0.302592 2.487574 2.667905 0.958303 3.507439 4.208877 4.889884 5.621278 6.347332 6.972168 7.722663 8.386645 9.076246 9.848739 10.495552 11.208908 11.889972 12.589184 13.362554 14.065847 14.697551 15.397310 16.120720 16.821569 
0.000619 0.081583 0.305914 0.266497 3.507436 4.208882 4.889920 5.621265 6.345540 6.972199 7.722702 8.386633 9.075899 9.847901 10.495534 11.208906 11.891532 12.590880 13.361930 14.065091 14.698350 15.398115 16.120377 16.821533 
0.024800 0.081583 0.266901 0.986421 3.507436 4.208882 4.889920 5.621252 6.345540 6.972199 7.722698 8.386633 9.075888 9.847900 10.495533 11.208906 11.891532 12.590880 13.361930 14.065067 14.698350 15.398115 16.120377 16.821373 
0.349548 3.024564 1.237494 0.601545 3.507445 4.208883 4.889920 5.621257 6.347390 6.972168 7.722739 8.386767 9.075890 9.847925 10.495525 11.208930 11.891514 12.590949 13.362012 14.065298 14.698275 15.397404 16.119972 16.821332 
0.273314 3.036460 0.161562 0.133456 3.507446 4.208850 4.889974 5.621252 6.345569 6.972197 7.722787 8.386782 9.075979 9.847922 10.495534 11.208905 11.891531 12.590940 13.361937 14.065370 14.698327 15.398100 16.120575 16.821534 
0.274190 3.036460 0.170927 0.133471 3.507446 4.208885 4.889974 5.621252 6.345569 6.972197 7.722786 8.386782 9.075979 9.847877 10.495534 11.208905 11.891531 12.590894 13.361937 14.065370 14.698352 15.398101 16.120575 16.821534 
0.082185 3.063654 0.342914 0.625307 3.507429 4.208876 4.889920 5.621253 6.345540 6.972199 7.722696 8.386630 9.076554 9.847922 10.495523 11.208904 11.891532 12.590880 13.361933 14.065098 14.698342 15.398532 16.120377 16.821525 
0.419256 3.025988 0.595904 0.470819 3.507436 4.208883 4.889921 5.621266 6.347368 6.972144 7.722740 8.386781 9.075792 9.848740 10.495216 11.209326 11.889964 12.589392 13.361993 14.065140 14.697561 15.397402 16.120363 16.821330 
0.081407 0.266027 1.235458 0.007272 3.507445 4.208848 4.889976 5.621252 6.345542 6.972170 7.722698 8.386783 9.076547 9.847938 10.495559 11.208946 11.891532 12.590938 13.362008 14.065095 14.698326 15.398100 16.119985 16.821334 
0.048609 2.936655 0.305914 0.266497 3.507436 4.208882 4.889920 5.621265 6.345542 6.972199 7.722704 8.386633 9.075901 9.847934 10.495448 11.208926 11.891534 12.590910 13.361930 14.065201 14.698350 15.398115 16.120377 16.821533 
0.314960 1.015763 0.472718 0.451961 3.507445 4.208883 4.889921 5.621266 6.345564 6.970859 7.722823 8.386789 9.075688 9.847966 10.495447 11.208925 11.889866 12.589333 13.361991 14.065311 14.698296 15.402342 16.120572 16.821542 
0.262813 0.316234 1.223333 0.125578 3.507445 4.208883 4.889927 5.621251 6.345540 6.972191 7.722672 8.386788 9.075802 9.847938 10.495525 11.208905 11.891507 12.590864 13.361994 14.065097 14.698358 15.402096 16.120381 16.821337 
0.302592 2.487574 2.642641 0.958303 3.507439 4.208877 4.889885 5.621278 6.345687 6.972168 7.722663 8.386645 9.076246 9.848699 10.495552 11.208908 11.891496 12.589184 13.362554 14.065205 14.697548 15.397310 16.120720 16.821566 
0.083239 2.958544 0.991860 1.394132 3.507435 4.208882 4.889926 5.621252 6.345560 6.972195 7.722698 8.386789 9.076549 9.847929 10.495524 11.208892 11.891524 12.590866 13.361992 14.065141 14.698318 15.398189 16.120581 16.821307 
0.044616 0.158000 0.997857 0.268497 3.507446 4.208882 4.889922 5.621259 6.345564 6.972191 7.722698 8.386789 9.076552 9.847887 10.495559 11.208892 11.891534 12.590880 13.361937 14.065145 14.698358 15.398430 16.119974 16.821530 
0.083131 2.957472 1.254375 0.669740 3.507429 4.208883 4.889926 5.621252 6.345673 6.972168 7.722696 8.386790 9.075898 9.847921 10.495524 11.208904 11.891533 12.590866 13.362015 14.065102 14.698351 15.398069 16.120405 16.821325 
0.045080 0.303448 2.846918 0.251408 3.507445 4.208882 4.889922 5.621259 6.345631 6.972191 7.722698 8.386784 9.076552 9.847920 10.495559 11.208892 11.891524 12.590878 13.361938 14.065140 14.698358 15.402253 16.119975 16.821307 
0.044616 0.158000 0.997857 0.268497 3.507429 4.208882 4.889922 5.621259 6.345560 6.972191 7.722698 8.386789 9.076552 9.847922 10.495559 11.208892 11.891534 12.590878 13.361937 14.065145 14.698358 15.402254 16.119974 16.821307 
0.083131 0.155964 1.237496 0.244397 3.507429 4.208877 4.889923 5.621259 6.345513 6.972192 7.722696 8.386645 9.076557 9.847922 10.495559 11.208892 11.891524 12.590877 13.361992 14.065140 14.698342 15.402287 16.119985 16.821311 
0.328263 0.695483 1.237194 0.850700 3.507429 4.208876 4.889884 5.621256 6.345643 6.972191 7.722696 8.386646 9.076569 9.848727 10.495571 11.208903 11.891550 12.590863 13.361992 14.065098 14.698342 15.398113 16.120569 16.821533 
0.077215 0.203917 1.174701 0.236439 3.507446 4.208882 4.889973 5.621252 6.345510 6.972191 7.722704 8.386760 9.075804 9.847931 10.495551 11.208905 11.891532 12.590907 13.361991 14.065093 14.698318 15.398113 16.120578 16.821524 
0.044616 0.156131 0.997857 0.244572 3.507445 4.208882 4.889922 5.621259 6.345632 6.972191 7.722698 8.386789 9.076552 9.847921 10.495559 11.208892 11.891524 12.590878 13.361938 14.065141 14.698358 15.402254 16.119974 16.821307 
0.048766 0.265966 1.236423 0.056488 3.507430 4.208882 4.889975 5.621255 6.345634 6.972170 7.722715 8.386821 9.075798 9.847914 10.495553 11.208945 11.891500 12.590938 13.361992 14.065314 14.698326 15.398100 16.119977 16.821334 
0.083129 3.028068 1.240891 1.376404 3.507429 4.208882 4.889926 5.621252 6.345560 6.972195 7.722691 8.386782 9.076557 9.847921 10.495524 11.208904 11.891534 12.590865 13.361992 14.065102 14.698297 15.398068 16.120576 16.821334 
0.008972 2.490689 2.877594 0.620363 3.507429 4.208876 4.889926 5.621252 6.345559 6.972169 7.722696 8.386643 9.076568 9.847922 10.495524 11.208904 11.891536 12.590921 13.361918 14.065102 14.698342 15.402250 16.120732 16.821562 
0.044616 0.175342 0.997857 0.258716 3.507445 4.208886 4.889921 5.621259 6.345633 6.972191 7.722698 8.386790 9.076552 9.847922 10.495559 11.208905 11.891524 12.590878 13.361938 14.065141 14.698358 15.402223 16.120567 16.821536 
0.419256 0.042425 3.051585 0.217361 3.507438 4.208882 4.889978 5.621271 6.347238 6.972144 7.722740 8.386771 9.075890 9.848759 10.495518 11.209318 11.891525 12.590865 13.361994 14.065321 14.698320 15.402315 16.120070 16.821528 
0.083265 0.631865 0.394299 0.247200 3.507429 4.208883 4.889922 5.621271 6.345655 6.972169 7.722702 8.386787 9.075800 9.848760 10.495559 11.208928 11.891532 12.590878 13.362550 14.065870 14.698320 15.402199 16.120370 16.821318 
0.385564 0.839129 0.880858 0.283337 3.507438 4.208882 4.889921 5.621265 6.345650 6.972200 7.722705 8.386789 9.075800 9.848740 10.495206 11.209614 11.891547 12.590906 13.362050 14.065146 14.697537 15.397367 16.120319 16.821332 
0.048700 0.307512 1.104101 1.390773 3.507435 4.208886 4.889973 5.621252 6.345645 6.972169 7.722702 8.386789 9.075756 9.847932 10.495524 11.208905 11.891534 12.590863 13.361992 14.065097 14.698297 15.398161 16.120567 16.821334 
0.359847 2.472820 2.716069 0.977482 3.507428 4.208882 4.889921 5.621269 6.345569 6.972195 7.722692 8.385443 9.076000 9.848712 10.495527 11.208939 11.890006 12.590878 13.361984 14.065269 14.698350 15.398101 16.120572 16.821317 
0.043933 3.063063 0.369727 0.244572 3.507435 4.208882 4.889922 5.621259 6.345561 6.972191 7.722698 8.386789 9.076552 9.847953 10.495559 11.208892 11.891524 12.590878 13.361938 14.065141 14.698355 15.402329 16.119974 16.821334 
0.273769 2.637696 3.370313 0.773237 3.507437 4.208849 4.889885 5.621278 6.345531 6.972155 7.722624 8.386818 9.075972 9.848699 10.495194 11.208915 11.891495 12.590915 13.361928 14.065376 14.697548 15.398108 16.120609 16.821565 
0.083131 2.957472 1.254375 0.620363 3.507429 4.208882 4.889926 5.621252 6.345631 6.972195 7.722696 8.386789 9.076589 9.847922 10.495524 11.208904 11.891533 12.590865 13.361991 14.065102 14.698342 15.398071 16.119975 16.821329 
0.048700 0.285463 1.104101 1.390773 3.507435 4.208886 4.889973 5.621252 6.345645 6.972169 7.722702 8.386789 9.075756 9.847932 10.495558 11.208905 11.891534 12.590863 13.361992 14.065097 14.698297 15.398161 16.120567 16.821334 
0.083239 2.958544 1.240713 1.326967 3.507438 4.208882 4.889926 5.621252 6.345540 6.972191 7.722691 8.386789 9.076556 9.847929 10.495524 11.208904 11.891532 12.590865 13.361992 14.065096 14.698357 15.402293 16.120576 16.821317 
0.278094 3.540789 0.459423 0.138035 3.507445 4.208887 4.889881 5.621259 6.347332 6.972197 7.724619 8.386767 9.075992 9.848727 10.495552 11.208894 11.891536 12.590878 13.361937 14.065372 14.698325 15.398095 16.120577 16.821305 
0.083132 0.161330 1.247347 0.624154 3.507429 4.208877 4.889886 5.621252 6.345540 6.972191 7.722696 8.386646 9.076557 9.847931 10.495558 11.208905 11.891532 12.590920 13.361990 14.065094 14.698342 15.398149 16.120585 16.821533 
0.278094 3.551248 0.459423 0.138035 3.507445 4.208887 4.889881 5.621253 6.347332 6.972197 7.724782 8.386767 9.075992 9.848719 10.495552 11.208894 11.890011 12.590966 13.361937 14.065372 14.698326 15.398095 16.120577 16.821540 
0.080949 3.078104 1.249928 0.234696 3.507445 4.208882 4.889922 5.621259 6.345540 6.972191 7.722698 8.386782 9.076535 9.847937 10.495559 11.208905 11.891524 12.590878 13.361938 14.065141 14.698358 15.402331 16.119975 16.821307 
0.038860 0.053631 0.986498 1.336819 3.507445 4.208883 4.889922 5.621259 6.345632 6.972192 7.722692 8.386787 9.075805 9.847912 10.495559 11.208904 11.891524 12.590878 13.361990 14.065141 14.698298 15.398167 16.120576 16.821309 
0.083132 0.161330 1.174701 0.624154 3.507429 4.208877 4.889886 5.621252 6.345510 6.972192 7.722696 8.386645 9.076557 9.847931 10.495551 11.208905 11.891532 12.590920 13.361992 14.065094 14.698342 15.398113 16.120578 16.821533 
0.277240 3.015449 1.240582 0.138035 3.507446 4.208887 4.889926 5.621253 6.345569 6.972197 7.722786 8.386781 9.075992 9.847877 10.495534 11.208905 11.891531 12.590894 13.361937 14.065369 14.698297 15.398101 16.120575 16.821534 
0.048609 2.936006 2.895759 0.609757 3.507429 4.208882 4.889920 5.621265 6.345652 6.972199 7.722696 8.386633 9.075906 9.847934 10.495449 11.208926 11.891536 12.590910 13.361930 14.065208 14.698342 15.398115 16.120378 16.821533 
0.083239 3.028068 1.240891 1.392449 3.507435 4.208882 4.889926 5.621252 6.345560 6.972191 7.722691 8.386782 9.076557 9.847922 10.495524 11.208904 11.891534 12.590865 13.361992 14.065102 14.698297 15.398068 16.120576 16.821334 
0.083132 2.952706 0.168786 0.624154 3.507429 4.208885 4.889886 5.621252 6.345510 6.972192 7.722698 8.386643 9.076557 9.847931 10.495551 11.208905 11.891532 12.590920 13.361992 14.065094 14.698339 15.398113 16.120575 16.821533 
0.081411 0.303448 1.250063 0.251408 3.507445 4.208882 4.889922 5.621260 6.345540 6.972191 7.722698 8.386784 9.076552 9.847938 10.495559 11.208905 11.891524 12.590878 13.361938 14.065096 14.698358 15.402253 16.119975 16.821308 
0.083239 2.958544 1.240891 1.318164 3.507438 4.208882 4.889926 5.621253 6.345632 6.972195 7.722691 8.386789 9.075787 9.847928 10.495559 11.208904 11.891524 12.590865 13.361992 14.065265 14.698318 15.398110 16.120576 16.821307 
0.083131 2.682645 0.151583 0.620006 3.507429 4.208885 4.889887 5.621252 6.345631 6.972195 7.722696 8.386645 9.076556 9.847931 10.495524 11.208905 11.891533 12.590865 13.361991 14.065094 14.698339 15.398071 16.120564 16.821328 
0.023886 0.082842 0.306896 0.989902 3.507429 4.208877 4.889882 5.621252 6.345629 6.972192 7.722692 8.386650 9.075888 9.847921 10.495534 11.208904 11.891534 12.590865 13.361930 14.065345 14.698297 15.398069 16.120371 16.821330 
0.048574 0.285779 1.104101 1.390839 3.507435 4.208886 4.889973 5.621252 6.345645 6.972169 7.722702 8.386789 9.075756 9.848732 10.495524 11.208905 11.891534 12.590863 13.361992 14.065098 14.698297 15.398161 16.120567 16.821334 
0.273769 2.637696 3.370313 0.775167 3.507437 4.208849 4.889921 5.621244 6.345531 6.972155 7.730741 8.386818 9.075976 9.848717 10.495194 11.209318 11.891495 12.590915 13.361939 14.065376 14.697609 15.398108 16.120609 16.821653 
0.083142 2.958544 0.986464 1.394280 3.507435 4.208882 4.889926 5.621252 6.345560 6.972195 7.722691 8.386789 9.075805 9.847929 10.495524 11.208905 11.891534 12.590865 13.361992 14.065101 14.698295 15.398068 16.120576 16.821317 
0.081453 2.463621 1.249928 0.235582 3.507445 4.208882 4.889922 5.621260 6.345540 6.972191 7.722698 8.386783 9.076535 9.847938 10.495559 11.208905 11.891524 12.590878 13.361938 14.065096 14.698358 15.402253 16.119975 16.821308 
0.083131 2.490689 2.877594 0.620363 3.507429 4.208876 4.889926 5.621252 6.345649 6.972169 7.722696 8.386643 9.076561 9.847922 10.495524 11.208904 11.891536 12.590921 13.362573 14.065860 14.698342 15.402250 16.120731 16.821560 
0.083125 0.175448 1.226039 1.369643 3.507429 4.208886 4.889919 5.621252 6.345540 6.972169 7.722696 8.386645 9.075818 9.847922 10.495534 11.208905 11.891524 12.590877 13.361990 14.065095 14.698342 15.398115 16.120567 16.821533 
0.081429 2.634475 0.151583 0.620006 3.507429 4.208849 4.889887 5.621252 6.345634 6.972195 7.722698 8.386645 9.076556 9.847931 10.495556 11.208905 11.891533 12.590939 13.361991 14.065095 14.698339 15.398070 16.120564 16.821328 
0.088463 3.074558 0.317866 0.236439 3.507429 4.208883 4.889923 5.621252 6.345510 6.972191 7.722706 8.386627 9.075800 9.847922 10.495551 11.208905 11.891534 12.590880 13.361932 14.065098 14.698320 15.398525 16.120578 16.821374 
0.083131 3.069170 2.877594 0.620363 3.507429 4.208882 4.889926 5.621390 6.345631 6.972169 7.722732 8.386784 9.076550 9.847922 10.495524 11.208904 11.891524 12.590878 13.362586 14.065140 14.698346 15.402167 16.119975 16.821318 
0.083239 2.958544 1.240891 1.318164 3.507438 4.208882 4.889926 5.621252 6.345632 6.972195 7.722691 8.386789 9.075800 9.847929 10.495524 11.208904 11.891532 12.590865 13.361992 14.065124 14.698318 15.398068 16.120576 16.821317 
0.085591 0.104975 0.986336 1.370203 3.507429 4.208883 4.889927 5.621252 6.345634 6.972192 7.722692 8.386767 9.075801 9.847924 10.495559 11.208905 11.891507 12.590895 13.361993 14.065097 14.698297 15.398068 16.120572 16.821334 
0.083131 0.171137 1.237194 0.850700 3.507429 4.208877 4.889884 5.621252 6.345513 6.972191 7.722696 8.386645 9.076557 9.847922 10.495551 11.208904 11.891524 12.590877 13.361992 14.065095 14.698342 15.398113 16.120569 16.821533 
0.044616 0.053631 0.986498 0.244628 3.507445 4.208883 4.889922 5.621259 6.345632 6.972191 7.722698 8.386787 9.075805 9.847912 10.495559 11.208904 11.891524 12.590878 13.361935 14.065141 14.698358 15.402292 16.120576 16.821309 
