0.040996 1.937885 0.611668 0.491433 3.498941 4.198718 4.899115 5.602225 6.303377 6.997883 7.698468 8.398683 9.212324 9.921069 10.481263 11.180144 11.991267 12.548564 13.347817 14.054900 14.677967 15.442717 16.103077 16.792120 
0.217669 0.685534 0.074607 0.493443 3.499164 4.198716 4.899067 5.602305 6.303240 7.003868 7.698473 8.398571 9.211892 9.920480 10.481261 11.180287 11.991471 12.548622 13.348240 14.054007 14.677999 15.442722 16.104069 16.792134 
0.086521 2.229669 0.352573 0.491757 3.498941 4.198748 4.899090 5.602227 6.303427 6.997964 7.699061 8.399116 9.212308 9.921067 10.481263 11.179290 11.991392 12.549344 13.348312 14.054371 14.677992 15.443248 16.104097 16.792127 
0.040914 0.660234 0.015990 0.492869 3.498962 4.198715 4.898957 5.602226 6.303240 6.998074 7.698465 8.399165 9.212304 9.921075 10.481252 11.237087 11.991268 12.549382 13.348241 14.054982 14.677967 15.442717 16.103650 16.792156 
0.371195 3.754708 0.730576 0.057928 3.499162 4.198716 4.899035 5.602324 6.303371 6.998435 7.698495 8.398633 9.212324 9.921193 10.481260 11.181169 11.991236 12.549409 13.358179 14.060103 14.677916 15.443081 16.127563 16.789187 
0.365777 2.980411 3.534151 0.035688 3.498962 4.198631 4.898961 5.602282 6.303236 6.998074 7.698468 8.399218 9.212304 9.921023 10.481286 11.236957 11.991486 12.549359 13.358216 14.054983 14.677946 15.443159 16.126976 16.789172 
0.083207 2.261758 0.352573 0.492084 3.498953 4.198748 4.899288 5.602227 6.303238 6.997964 7.699052 8.399116 9.212348 9.921074 10.481263 11.179292 11.991392 12.549343 13.348317 14.054375 14.677989 15.442727 16.103971 16.792127 
0.289248 2.974747 1.687387 0.492426 3.499151 4.198626 4.898956 5.602227 6.303369 6.998423 7.698478 8.398402 9.212324 9.921070 10.481261 11.180143 11.991268 12.549235 13.358439 14.061650 14.677967 15.443158 16.126992 16.792046 
0.387743 2.223381 0.352573 0.491757 3.498951 4.198748 4.899090 5.602236 6.303427 6.997964 7.699061 8.399116 9.212308 9.921060 10.481263 11.179290 11.991268 12.548277 13.348160 14.054371 14.677992 15.443248 16.104097 16.789127 
0.040733 0.644480 5.749434 0.677502 3.498938 4.198717 4.898963 5.602319 6.303380 7.003903 7.698477 8.398405 9.212338 9.921075 10.481252 11.180239 11.991269 12.549400 13.348037 14.054982 14.677946 15.442735 16.103764 16.792226 
0.287882 2.248893 0.614070 0.477486 3.499157 4.198716 4.899081 5.602307 6.303369 6.997937 7.698466 8.399106 9.212313 9.921089 10.481295 11.180113 11.991456 12.548588 13.358275 14.061647 14.677917 15.442653 16.126044 16.788867 
0.040997 0.137788 0.651481 0.474903 3.499162 4.198690 4.898964 5.602320 6.303388 6.998152 7.698477 8.398444 9.212338 9.921073 10.481268 11.180236 11.991279 12.548556 13.348036 14.054757 14.677967 15.443286 16.103979 16.792226 
0.398075 3.921953 0.005609 0.483842 3.498951 4.198712 4.899035 5.602319 6.303391 6.997941 7.699065 8.399100 9.212365 9.920474 10.481229 11.180237 11.991260 12.548272 13.348167 14.054873 14.677963 15.443143 16.126045 16.789143 
0.367036 0.627241 3.519753 0.054020 3.498963 4.198715 4.899081 5.602217 6.303396 6.998078 7.698478 8.399157 9.212325 9.921070 10.481261 11.180242 11.991458 12.549240 13.358045 14.061197 14.677917 15.443128 16.126181 16.789174 
0.083221 1.387898 4.707845 0.034918 3.499161 4.198714 4.899081 5.602225 6.303375 6.997946 7.698469 8.398423 9.212325 9.921104 10.481262 11.180149 11.991271 12.548668 13.347759 14.055046 14.677966 15.443140 16.103534 16.792182 
0.370530 0.133003 1.910008 0.436541 3.499062 4.198716 4.899080 5.602329 6.303326 6.998435 7.698494 8.398635 9.212308 9.921067 10.481260 11.180214 11.991236 12.548608 13.348065 14.054075 14.677964 15.443158 16.125587 16.789063 
0.419170 0.134871 5.377674 0.743801 3.498953 4.198729 4.901690 5.602223 6.303382 6.998074 7.698469 8.399151 9.212324 9.921084 10.481263 11.180128 11.991432 12.548568 13.348479 14.054914 14.677965 15.443136 16.127962 16.789349 
0.082226 1.960746 2.128202 0.675643 3.498939 4.198718 4.899115 5.602223 6.303375 6.997883 7.698468 8.398440 9.212324 9.921075 10.481263 11.180144 11.991271 12.548562 13.347817 14.054900 14.677967 15.442694 16.103535 16.792120 
0.307002 1.931899 0.061208 0.111489 3.498933 4.198629 4.899081 5.602307 6.303243 6.998274 7.698466 8.398578 9.212324 9.921067 10.481296 11.179051 11.991058 12.549277 13.347803 14.054915 14.677873 15.442719 16.125910 16.788857 
0.083207 2.263330 5.874580 0.491294 3.498953 4.198748 4.899288 5.602227 6.303238 6.997963 7.699105 8.399156 9.212348 9.921075 10.481263 11.179292 11.991388 12.549343 13.348317 14.054390 14.677989 15.442713 16.103571 16.792127 
0.082802 2.236320 0.000704 0.477779 3.498941 4.198715 4.898957 5.602227 6.303240 6.998074 7.698466 8.399165 9.212304 9.921075 10.481282 11.237087 11.991268 12.549345 13.348240 14.054982 14.677768 15.442717 16.103650 16.792156 
0.083222 1.387644 5.928113 0.034918 3.499160 4.198715 4.899081 5.602292 6.303375 6.998075 7.698477 8.398427 9.212300 9.920451 10.481292 11.180210 11.991271 12.549298 13.348824 14.054973 14.677963 15.443115 16.104295 16.791908 
0.083220 0.653358 0.652022 0.492091 3.498937 4.198715 4.899082 5.602308 6.303240 6.998071 7.698470 8.399091 9.210871 9.921075 10.481288 11.180145 11.991471 12.548634 13.348241 14.054984 14.677966 15.442729 16.104065 16.792118 
0.083839 0.137788 0.651481 0.474903 3.499162 4.198714 4.898964 5.602324 6.303388 6.998152 7.698477 8.398444 9.212338 9.921073 10.481268 11.180236 11.991271 12.548559 13.348041 14.054757 14.677966 15.443286 16.103532 16.792226 
0.085769 0.665737 1.770416 0.489687 3.499155 4.198691 4.899033 5.602217 6.303326 6.998432 7.698470 8.398427 9.212324 9.921089 10.481282 11.180141 11.991459 12.548626 13.348270 14.054884 14.677917 15.443149 16.104219 16.792282 
0.288055 3.569500 1.648241 0.046614 3.499157 4.198630 4.899081 5.602236 6.303369 6.997937 7.698469 8.399106 9.212324 9.921070 10.481229 11.180143 11.991266 12.548396 13.358363 14.061648 14.677917 15.443148 16.126044 16.789225 
0.040996 1.922105 0.611668 0.679796 3.498941 4.198718 4.899115 5.602223 6.303375 6.997883 7.698468 8.398678 9.212324 9.921075 10.481263 11.180144 11.991267 12.548562 13.347817 14.054900 14.677967 15.443127 16.103077 16.792120 
0.083343 1.711267 5.592729 0.474895 3.499162 4.198690 4.899079 5.602321 6.303385 6.998016 7.698477 8.398427 9.212300 9.921078 10.481268 11.180239 11.991271 12.549251 13.348120 14.054697 14.677946 15.442713 16.103368 16.792226 
0.083221 1.387898 4.707845 0.034918 3.499161 4.198715 4.899081 5.602292 6.303375 6.997945 7.698477 8.398425 9.212305 9.920451 10.481292 11.180209 11.991271 12.549298 13.347869 14.055046 14.677967 15.442681 16.103531 16.792012 
0.206477 0.130050 0.621693 0.491849 3.498937 4.198630 4.899087 5.602227 6.303243 6.998140 7.698469 8.398444 9.212324 9.921075 10.481263 11.180145 11.991268 12.549345 13.347816 14.054900 14.677967 15.442717 16.103972 16.792142 
0.040996 0.130050 0.620345 0.491433 3.498941 4.198630 4.899087 5.602225 6.303243 6.998153 7.698469 8.398444 9.212324 9.921075 10.481263 11.180144 11.991268 12.549345 13.347816 14.054900 14.677967 15.442717 16.103972 16.792142 
0.288055 3.569500 1.648241 0.493034 3.499157 4.198630 4.899081 5.602236 6.303369 6.997937 7.698469 8.399106 9.210884 9.921069 10.481229 11.180143 11.991266 12.548396 13.358363 14.061648 14.677917 15.443145 16.125954 16.789225 
0.085769 0.665737 0.022415 0.493444 3.499163 4.198690 4.899037 5.602306 6.303240 6.998432 7.698473 8.398427 9.212324 9.921089 10.481282 11.180145 11.991471 12.548626 13.348240 14.054884 14.677917 15.443149 16.104218 16.792282 
0.288955 2.974648 3.560325 1.068273 3.499151 4.198626 4.899019 5.602227 6.303369 6.998012 7.698468 8.398426 9.212329 9.921070 10.481261 11.180143 11.991268 12.549235 13.358439 14.061650 14.677967 15.443159 16.126992 16.792045 
0.345632 3.771170 1.730565 0.509233 3.498959 4.199221 4.899083 5.602292 6.303385 6.998145 7.698477 8.398427 9.212300 9.921071 10.481292 11.180206 11.991452 12.549382 13.358048 14.053999 14.677947 15.443154 16.127666 16.789183 
0.040997 1.895279 0.294428 0.474903 3.499162 4.198690 4.898963 5.602320 6.303375 6.997874 7.698477 8.398444 9.212324 9.921075 10.481263 11.180236 11.991267 12.548556 13.348036 14.054757 14.677967 15.443283 16.103979 16.792224 
0.237373 2.229669 0.352573 0.491801 3.498953 4.198748 4.899275 5.602227 6.303427 6.997964 7.699056 8.399116 9.212308 9.921074 10.481263 11.179292 11.991392 12.549343 13.348317 14.054375 14.677989 15.443249 16.103972 16.792127 
0.077070 0.651801 1.775167 0.198826 3.498962 4.198714 4.899031 5.602227 6.303375 6.998423 7.698478 8.398402 9.212324 9.921075 10.481263 11.180148 11.991268 12.549235 13.348200 14.054966 14.677968 15.443146 16.104051 16.792058 
0.084933 0.662945 0.298863 0.676052 3.498951 4.198715 4.898986 5.602224 6.303251 6.998071 7.699118 8.399156 9.212318 9.921075 10.481291 11.180212 11.991260 12.548634 13.348258 14.054944 14.677946 15.443133 16.103317 16.790421 
0.083165 2.229379 0.617353 0.477702 3.498941 4.198747 4.899082 5.602227 6.303385 6.998275 7.698466 8.398919 9.212307 9.921067 10.480374 11.179066 11.991056 12.549344 13.348161 14.054983 14.677765 15.443248 16.104097 16.792121 
0.206686 0.104319 0.621627 0.491852 3.498963 4.198630 4.898946 5.602226 6.303243 6.998423 7.698469 8.398433 9.212324 9.921075 10.481263 11.180145 11.991268 12.549345 13.347747 14.054900 14.677967 15.442717 16.103972 16.792143 
0.083155 0.074570 5.877035 0.674575 3.499162 4.198714 4.899033 5.602227 6.303385 6.998082 7.698469 8.399157 9.212324 9.921075 10.481274 11.180162 11.991271 12.548652 13.347756 14.054990 14.677916 15.443150 16.103721 16.792121 
0.083343 1.710585 5.592729 0.474496 3.499162 4.198690 4.899079 5.602321 6.303385 6.998015 7.698468 8.398436 9.212324 9.921075 10.481268 11.180239 11.991271 12.549251 13.348120 14.054903 14.677946 15.442713 16.103368 16.792120 
0.083220 0.656567 5.960314 0.434948 3.498926 4.198715 4.899033 5.602223 6.303240 6.998071 7.698401 8.399095 9.212304 9.921089 10.481263 11.180215 11.991454 12.549378 13.348270 14.054985 14.677916 15.443284 16.101831 16.792174 
0.083220 0.653358 1.815633 0.502994 3.498937 4.198625 4.899083 5.602311 6.303240 6.998442 7.698470 8.399091 9.210883 9.921075 10.481288 11.180145 11.991469 12.548634 13.348242 14.054984 14.677967 15.443159 16.104048 16.792038 
0.083165 0.595968 0.651030 0.477652 3.498941 4.198747 4.898963 5.602227 6.303385 6.998275 7.698466 8.398919 9.212307 9.921072 10.481274 11.179066 11.991056 12.549366 13.348161 14.054989 14.677949 15.443248 16.104097 16.792121 
0.213064 0.659973 0.585143 0.491852 3.498963 4.198630 4.898946 5.602226 6.303240 6.998423 7.698469 8.398433 9.212324 9.921075 10.481263 11.180145 11.991268 12.549345 13.347747 14.054900 14.677967 15.442717 16.103972 16.792120 
0.083799 0.653358 5.901362 0.494321 3.498944 4.198715 4.899082 5.602308 6.303240 6.998071 7.698470 8.399091 9.210871 9.921075 10.481288 11.180145 11.991471 12.548636 13.348241 14.054986 14.677966 15.442729 16.104065 16.792118 
0.217669 0.685534 0.074105 0.493443 3.499163 4.198716 4.899067 5.602306 6.303240 7.003868 7.698473 8.398448 9.212335 9.920501 10.481298 11.180145 11.991471 12.548622 13.348240 14.054996 14.677966 15.442722 16.104069 16.792134 
0.083231 0.662945 5.787787 0.676052 3.499172 4.198715 4.898986 5.602318 6.303251 6.998071 7.699106 8.399156 9.212318 9.921075 10.481268 11.180212 11.991260 12.548636 13.348034 14.054946 14.677946 15.443284 16.103362 16.789631 
0.082226 1.960746 2.115435 0.675643 3.498939 4.198718 4.899115 5.602223 6.303375 6.997884 7.698468 8.399133 9.212308 9.921075 10.481263 11.180148 11.991271 12.548562 13.348167 14.054900 14.677967 15.443252 16.103543 16.792120 
0.083220 0.125183 5.936756 0.157309 3.498951 4.198692 4.899043 5.602227 6.303240 6.998070 7.699078 8.399092 9.212306 9.921055 10.481263 11.180211 11.991275 12.548597 13.348112 14.054986 14.677916 15.443284 16.103574 16.789182 
0.083221 1.711267 2.106395 0.481973 3.499152 4.198715 4.899079 5.602292 6.303372 6.997961 7.698477 8.398427 9.212300 9.921078 10.481292 11.180209 11.991271 12.549251 13.358053 14.061194 14.677962 15.442717 16.103531 16.792012 
0.083210 1.423800 5.861920 0.674575 3.498939 4.198714 4.899033 5.602223 6.303375 6.998082 7.698469 8.399156 9.212324 9.921089 10.481263 11.180150 11.991271 12.548391 13.348251 14.054509 14.677916 15.443133 16.104292 16.789491 
0.040733 0.644480 5.749434 0.474930 3.499162 4.198690 4.898963 5.602320 6.303385 7.003903 7.698477 8.398497 9.212338 9.921073 10.481268 11.180239 11.991279 12.548556 13.348037 14.054762 14.677946 15.443286 16.103361 16.792226 
0.288875 0.090169 1.610921 0.711245 3.498939 4.198715 4.899082 5.602226 6.303243 6.998074 7.698465 8.399620 9.212324 9.921075 10.481260 11.180242 11.991268 12.549382 13.348163 14.054987 14.677941 15.442723 16.103749 16.792075 
0.083221 1.830653 2.106395 0.492521 3.499152 4.198715 4.899079 5.602292 6.303242 6.997963 7.698477 8.398427 9.212324 9.921078 10.481292 11.180208 11.991271 12.549251 13.358053 14.061194 14.677962 15.442717 16.103531 16.792010 
0.083221 1.387644 2.112082 0.034918 3.499160 4.198715 4.899081 5.602292 6.303372 6.997945 7.698477 8.398427 9.212300 9.920464 10.481292 11.180209 11.991271 12.549255 13.358053 14.061194 14.677963 15.442681 16.103531 16.792012 
0.083221 1.390759 2.106395 0.492521 3.499152 4.198715 4.899081 5.602292 6.303240 6.997963 7.698477 8.398427 9.212324 9.920472 10.481292 11.180208 11.991271 12.549251 13.358053 14.061194 14.677963 15.442717 16.103531 16.792010 
0.083801 0.088846 5.877035 0.674575 3.499160 4.198714 4.899033 5.602223 6.303375 6.998082 7.698469 8.399157 9.212324 9.921075 10.481263 11.180148 11.991271 12.548636 13.347756 14.054926 14.677916 15.443150 16.103720 16.792182 
0.083210 0.654246 5.749434 0.675698 3.498936 4.198690 4.898966 5.602222 6.303384 7.003940 7.698469 8.398411 9.212338 9.921089 10.481251 11.180242 11.991281 12.548654 13.348258 14.054977 14.677947 15.442747 16.103749 16.789505 
0.040996 1.937885 0.611668 0.491433 3.498941 4.198718 4.899115 5.602308 6.303377 6.997883 7.698468 8.398683 9.212324 9.921089 10.481263 11.180144 11.991270 12.548564 13.347817 14.054982 14.677967 15.442717 16.103077 16.792120 
0.083210 1.910951 5.862058 0.675698 3.498940 4.198715 4.899081 5.602223 6.303375 6.998071 7.698469 8.399156 9.212318 9.921089 10.481282 11.180242 11.991053 12.548654 13.348258 14.054985 14.677967 15.443134 16.104305 16.789366 
0.083213 1.423800 5.877035 0.674575 3.499160 4.198714 4.899033 5.602223 6.303375 6.998082 7.698469 8.399157 9.212324 9.921075 10.481263 11.180148 11.991271 12.548398 13.348251 14.054509 14.677916 15.443150 16.103720 16.789491 
0.083219 1.386078 1.864545 2.705394 3.498941 4.198715 4.899033 5.602290 6.303375 6.998080 7.698477 8.398411 9.212300 9.920449 10.481292 11.180210 11.991460 12.549386 13.348270 14.054935 14.677917 15.442677 16.104212 16.789209 
0.083202 0.154266 5.756726 0.474953 3.499165 4.198715 4.899079 5.602319 6.303327 7.003722 7.698469 8.398494 9.212338 9.921090 10.481268 11.180242 11.991279 12.548636 13.348037 14.054764 14.677946 15.443287 16.103361 16.789653 
0.083220 1.910951 5.862058 0.675698 3.498940 4.198715 4.899081 5.602223 6.303374 6.998069 7.698469 8.399156 9.212318 9.921089 10.481282 11.180242 11.991277 12.548654 13.348338 14.054985 14.677967 15.443134 16.103571 16.789367 
0.077070 1.397409 1.775167 0.030198 3.498960 4.198714 4.899030 5.602225 6.303375 6.998427 7.698478 8.398423 9.212324 9.921075 10.481263 11.180149 11.991268 12.549236 13.348200 14.055048 14.677968 15.443146 16.103539 16.792058 
0.040999 0.644480 5.749434 0.678409 3.499162 4.198691 4.898963 5.602320 6.303385 7.003903 7.698468 8.398497 9.212323 9.921073 10.481268 11.180239 11.991267 12.548562 13.348037 14.054895 14.677946 15.443289 16.103363 16.792117 
0.083220 1.953560 1.876576 0.482468 3.499152 4.198716 4.899078 5.602307 6.303400 6.997961 7.698401 8.399119 9.212325 9.921089 10.481260 11.180242 11.991270 12.548612 13.348234 14.054937 14.677916 15.442716 16.104215 16.789199 
0.085769 0.665737 1.770416 0.489687 3.499155 4.198629 4.899033 5.602217 6.303326 6.998432 7.698470 8.399085 9.212324 9.921089 10.481282 11.180141 11.991268 12.548626 13.348270 14.054883 14.677917 15.443151 16.104219 16.792324 
0.079152 1.905638 3.065204 0.493144 3.499156 4.198614 4.901746 5.602280 6.303383 6.997886 7.698471 8.398692 9.212308 9.921075 10.481277 11.180231 11.991054 12.548567 13.348228 14.055045 14.677967 15.443245 16.103025 16.792179 
0.040850 1.651457 3.598113 0.494502 3.498962 4.198630 4.898961 5.602227 6.303385 6.998439 7.698399 8.399156 9.212353 9.921070 10.481268 11.237748 11.991271 12.549085 13.348258 14.054984 14.677946 15.443190 16.103576 16.792156 
1.999995 3.452376 0.356014 0.018168 3.498948 4.198690 4.899035 5.602292 6.303245 6.998252 7.698357 8.398443 9.212367 9.921055 10.480094 11.179327 11.991272 12.549405 13.348142 14.054940 14.677946 15.441496 16.103712 16.790424 
1.999478 3.949837 0.015185 0.457817 3.499169 4.199214 4.899068 5.602267 6.303358 6.998381 7.699008 8.398571 9.211892 9.920480 10.481299 11.180209 11.991467 12.548284 13.348201 14.054870 14.678000 15.442705 16.126112 16.789141 
1.999006 3.404221 0.010321 0.355029 3.498951 4.198690 4.899035 5.602307 6.303249 6.998253 7.699065 8.399124 9.212367 9.921067 10.481207 11.180297 11.991262 12.549403 13.348112 14.054900 14.677960 15.443108 16.126307 16.788856 
1.999895 3.833828 1.169550 0.070178 3.498942 4.198714 4.899080 5.602392 6.303399 7.004288 7.699065 8.399124 9.212367 9.921067 10.480108 11.179310 11.991260 12.549432 13.348159 14.054986 14.677883 15.443301 16.126318 16.790434 
1.998997 3.316354 1.167860 0.045529 3.498962 4.198690 4.899043 5.602307 6.303249 6.998072 7.698468 8.398431 9.212329 9.922265 10.480102 11.179296 11.991265 12.549355 13.348118 14.054929 14.677963 15.443144 16.127586 16.789360 
1.999995 3.452376 0.356014 0.018168 3.498948 4.198690 4.899035 5.602292 6.303249 6.998252 7.698357 8.398443 9.212367 9.921055 10.480094 11.179329 11.991272 12.549405 13.348142 14.054901 14.677946 15.441496 16.103454 16.790384 
1.999008 3.530350 0.999303 0.000135 3.498951 4.198746 4.899035 5.602307 6.303249 6.998252 7.699065 8.399124 9.212367 9.921054 10.481255 11.179313 11.991266 12.549405 13.348116 14.054900 14.677964 15.443108 16.126307 16.790384 
1.999900 3.945967 0.016154 0.461798 3.498966 4.198724 4.899039 5.602266 6.303359 6.998169 7.698477 8.398569 9.211879 9.921070 10.481292 11.180286 11.991732 12.548259 13.348201 14.054125 14.677882 15.443130 16.126173 16.788859 
1.999991 3.893691 0.015482 0.158619 3.498951 4.198746 4.899043 5.602305 6.303374 6.998145 7.699065 8.399564 9.212306 9.921056 10.481225 11.180233 11.991264 12.548596 13.348115 14.054901 14.677889 15.441495 16.126355 16.789178 
1.999494 3.801253 0.081060 0.459475 3.499166 4.198687 4.899035 5.602217 6.303247 6.998247 7.699065 8.399110 9.211887 9.921048 10.481254 11.180137 11.991266 12.548648 13.348182 14.054900 14.677988 15.441634 16.126307 16.788880 
1.999855 3.875920 0.015482 0.158619 3.498951 4.198692 4.899043 5.602308 6.303372 6.998148 7.699065 8.399564 9.212306 9.921056 10.481225 11.180233 11.991264 12.548596 13.348115 14.054938 14.677889 15.443302 16.126355 16.789182 
1.999958 3.274936 0.183841 0.164047 3.498962 4.198626 4.901473 5.602302 6.303245 6.998252 7.698348 8.399359 9.212369 9.921067 10.480098 11.179296 11.991266 12.549377 13.348180 14.054939 14.677963 15.443094 16.127498 16.788860 
1.999990 3.413718 0.561543 0.017385 3.499141 4.199248 4.898841 5.602307 6.303249 6.998252 7.698364 8.398567 9.211892 9.921052 10.481281 11.179333 11.991460 12.543752 13.348039 14.054898 14.677732 15.443216 16.126859 16.789662 
1.999899 3.875920 0.015775 0.158603 3.498951 4.198692 4.899043 5.602308 6.303372 6.998247 7.699065 8.399564 9.212305 9.921056 10.481225 11.180225 11.991264 12.549379 13.348115 14.054938 14.677889 15.443116 16.126355 16.789185 
1.999159 3.959817 0.007125 0.163016 3.498951 4.198746 4.899035 5.602307 6.303255 6.998253 7.699065 8.399124 9.212367 9.921067 10.481209 11.179291 11.991266 12.549404 13.348172 14.054899 14.677963 15.443143 16.126305 16.788856 
1.999489 3.271984 0.269828 0.160595 3.498951 4.198745 4.899035 5.602307 6.303249 6.998252 7.699065 8.398424 9.212332 9.921047 10.480138 11.179313 11.991260 12.549327 13.348172 14.054900 14.677885 15.441644 16.126355 16.788866 
1.999494 3.832762 0.265872 0.154362 3.498962 4.198745 4.899035 5.602307 6.303249 6.998245 7.699065 8.399127 9.211893 9.921048 10.480148 11.179313 11.991264 12.549409 13.348182 14.054900 14.677988 15.441629 16.126354 16.788880 
1.999006 3.538624 0.356838 0.018145 3.498951 4.198690 4.899035 5.602307 6.303249 6.998252 7.699065 8.399127 9.212367 9.921055 10.481209 11.179313 11.991266 12.549405 13.348172 14.054900 14.677964 15.441501 16.126307 16.790384 
1.999159 3.879625 0.007125 0.163016 3.498951 4.198746 4.899035 5.602307 6.303255 6.998253 7.699065 8.399107 9.212367 9.921058 10.481209 11.179294 11.991266 12.549404 13.348172 14.054899 14.677963 15.443143 16.126311 16.789142 
1.999159 3.959817 0.007125 0.163016 3.498951 4.198755 4.899035 5.602307 6.303255 6.998253 7.699065 8.399107 9.212367 9.921058 10.481209 11.179291 11.991266 12.549404 13.348172 14.054899 14.677963 15.443143 16.126310 16.789142 
1.999008 3.900064 0.356837 0.018146 3.498953 4.198744 4.899035 5.602307 6.303249 6.998244 7.699065 8.399111 9.212367 9.921054 10.481255 11.179313 11.991390 12.549405 13.347541 14.054900 14.677988 15.441501 16.126307 16.790381 
1.999494 3.834237 0.265872 0.154362 3.498962 4.198691 4.899035 5.602307 6.303249 6.998253 7.699065 8.399124 9.212367 9.921048 10.480148 11.179313 11.991266 12.549409 13.348112 14.054900 14.677988 15.441614 16.126354 16.788879 
1.999006 3.256119 0.005170 0.160771 3.498951 4.198686 4.899035 5.602307 6.303249 6.998253 7.699065 8.399124 9.212367 9.921067 10.481213 11.179291 11.991260 12.549405 13.348112 14.054900 14.677890 15.443123 16.126307 16.788856 
1.999900 3.876413 0.015777 0.163236 3.498962 4.198745 4.899043 5.602307 6.303384 6.998252 7.699065 8.399119 9.212373 9.921067 10.481222 11.179294 11.991264 12.549360 13.348172 14.054939 14.677889 15.443121 16.126355 16.788859 
1.999006 3.538624 0.007125 0.163016 3.498951 4.198690 4.899035 5.602307 6.303249 6.998253 7.699065 8.399124 9.212367 9.921067 10.481209 11.179291 11.991266 12.549405 13.348112 14.054900 14.677963 15.443108 16.126307 16.788856 
1.999899 3.945976 0.010343 0.462714 3.498948 4.198724 4.899039 5.602292 6.303250 6.998169 7.698478 8.398569 9.212354 9.921070 10.481292 11.180299 11.991732 12.548259 13.348142 14.054899 14.677879 15.441510 16.126806 16.788859 
1.999678 3.543166 5.693538 0.000495 3.499130 4.198742 4.901640 5.602456 6.303382 6.998346 7.698491 8.399343 9.212323 9.921067 10.481231 11.180132 11.991452 12.548472 13.348222 14.054296 14.677905 15.442724 16.126072 16.789216 
1.946291 3.918686 5.693538 0.003583 3.498944 4.198739 4.901619 5.602450 6.303383 6.998347 7.698490 8.398421 9.212323 9.921067 10.480059 11.178292 11.991457 12.548472 13.348180 14.054295 14.677672 15.442690 16.105133 16.789171 
1.999678 3.543166 5.612774 0.000914 3.499130 4.198742 4.901640 5.602456 6.303382 6.998346 7.698469 8.399343 9.212324 9.921068 10.481231 11.180237 11.991457 12.548466 13.348222 14.054296 14.677905 15.442703 16.126254 16.789211 
1.999956 3.263765 5.693538 0.018070 3.499130 4.198742 4.901640 5.602456 6.303249 6.998346 7.698360 8.399323 9.212323 9.921055 10.481231 11.180178 11.991452 12.549412 13.348224 14.053916 14.677904 15.444097 16.126290 16.789216 
1.999672 3.918686 5.693538 0.003583 3.498944 4.198739 4.901619 5.602456 6.303382 6.998347 7.698490 8.399343 9.212323 9.921067 10.480059 11.178335 11.991457 12.548472 13.348180 14.054295 14.677672 15.443953 16.105133 16.789216 
1.999758 2.804786 3.424745 0.003511 3.499162 4.198716 4.901560 5.602319 6.303368 7.003794 7.698469 8.398794 9.210768 9.921063 10.480392 11.179549 11.991585 12.549333 13.348136 14.055047 14.677855 15.443142 16.126759 16.789196 
1.999967 2.952989 3.405315 0.016373 3.498533 4.199199 4.901622 5.602265 6.303386 6.998151 7.698493 8.398573 9.210824 9.921172 10.481287 11.178058 11.999510 12.543533 13.348233 14.054925 14.677608 15.443229 16.126161 16.790269 
1.999894 3.078036 3.442496 0.011139 3.498952 4.199244 4.901941 5.602268 6.303256 6.998115 7.698468 8.398640 9.210885 9.920457 10.481250 11.178096 11.999635 12.543533 13.348233 14.054925 14.677917 15.443229 16.125752 16.790205 
1.999900 2.952989 3.405315 0.016373 3.498533 4.198441 4.901500 5.602301 6.303386 6.998151 7.698493 8.398032 9.210824 9.921172 10.480357 11.178058 11.999510 12.543533 13.348233 14.054925 14.677608 15.443229 16.126997 16.790254 
1.999894 3.078036 3.833059 0.011139 3.498851 4.199244 4.901941 5.602268 6.303256 6.998115 7.698468 8.398640 9.210885 9.920467 10.481250 11.178096 11.999632 12.543533 13.348233 14.054925 14.677917 15.443229 16.125732 16.790205 
1.999894 3.078036 3.442464 0.002984 3.498853 4.199244 4.901941 5.602268 6.303256 6.998152 7.698465 8.398640 9.210885 9.921176 10.481250 11.178058 11.999362 12.543533 13.348233 14.054902 14.677967 15.443230 16.125732 16.790205 
1.999964 2.229669 0.356746 0.025473 3.498953 4.198747 4.903212 5.602307 6.303424 6.997964 7.699047 8.399116 9.212333 9.920409 10.481250 11.180352 11.991391 12.549343 13.348317 14.054904 14.677989 15.443249 16.103465 16.792127 
1.999893 1.620400 0.965881 0.167320 3.498951 4.198741 4.899035 5.602307 6.303365 7.003886 7.698400 8.407849 9.212998 9.920424 10.480311 11.179451 11.998711 12.543613 13.347994 14.054936 14.677870 15.442686 16.126210 16.788939 
1.999968 1.690462 0.012505 0.116110 3.499168 4.199209 4.901621 5.602266 6.303399 6.998060 7.698478 8.398570 9.211892 9.920477 10.481293 11.180305 11.991740 12.548233 13.348186 14.053997 14.677875 15.442718 16.126167 16.788857 
1.999059 1.883576 0.644927 0.014413 3.498962 4.198715 4.903197 5.602307 6.304543 6.998607 7.698469 8.399107 9.212332 9.920413 10.480081 11.180378 11.998657 12.548620 13.348064 14.054982 14.677966 15.441420 16.103900 16.789276 
1.999950 1.714864 0.969815 0.166727 3.498949 4.198742 4.901632 5.602305 6.303337 6.998053 7.698407 8.400585 9.212990 9.920606 10.480112 11.179464 11.991042 12.548326 13.348211 14.054936 14.677912 15.442748 16.127153 16.789632 
1.999964 2.229669 0.356837 0.489087 3.498953 4.198748 4.899275 5.602307 6.303428 6.997964 7.699047 8.399116 9.212308 9.921057 10.481263 11.179292 11.991391 12.549343 13.348317 14.054375 14.677989 15.443249 16.103465 16.792127 
1.999964 1.978523 0.356746 0.404703 3.498953 4.198747 4.903212 5.602305 6.303398 6.997964 7.699047 8.399116 9.212289 9.920408 10.481250 11.180352 11.991728 12.549343 13.348317 14.054876 14.677991 15.442715 16.103140 16.792127 
1.999484 1.971736 0.012511 0.109516 3.499173 4.199209 4.901987 5.602289 6.303399 6.997960 7.698477 8.398570 9.212292 9.920475 10.481310 11.180306 11.991533 12.548267 13.348192 14.054020 14.677875 15.442716 16.126167 16.789071 
1.999485 1.947562 0.584542 0.458134 3.498960 4.198721 4.901624 5.602289 6.303334 6.998234 7.698403 8.398616 9.212904 9.920411 10.481268 11.179273 11.991447 12.548579 13.348163 14.054989 14.677871 15.442715 16.127152 16.789654 
1.999955 1.883576 0.478654 2.700593 3.498962 4.198248 4.903197 5.604041 6.304543 7.003323 7.698354 8.399384 9.212332 9.920407 10.480081 11.180378 11.998657 12.548614 13.348557 14.054936 14.677753 15.442719 16.127096 16.789260 
1.999482 1.960772 0.007233 0.457931 3.499173 4.199217 4.901987 5.602289 6.303399 6.997960 7.698477 8.398570 9.212292 9.920475 10.481310 11.180286 11.991533 12.548267 13.348192 14.054020 14.677875 15.442716 16.126167 16.789071 
1.999923 2.231731 0.978012 0.167320 3.498951 4.198741 4.899275 5.602307 6.303429 7.003886 7.698400 8.407849 9.212998 9.920424 10.480311 11.179291 11.998944 12.543613 13.348313 14.054936 14.677868 15.442686 16.104278 16.788964 
1.998111 1.971736 0.012511 0.406889 3.499182 4.199209 4.901987 5.602211 6.303399 7.003799 7.698477 8.398570 9.212292 9.920475 10.481310 11.180305 11.991735 12.548267 13.348192 14.054020 14.677877 15.442715 16.126167 16.789078 
1.998469 1.819714 0.046516 0.474025 3.499377 4.199232 4.899067 5.602266 6.303358 6.998139 7.698477 8.398571 9.211892 9.920477 10.480333 11.180377 11.991498 12.548640 13.348167 14.053779 14.678000 15.443222 16.125252 16.789182 
1.267785 3.959817 0.007125 3.138103 3.498951 4.198755 4.899076 5.602303 6.303254 6.997881 7.699065 8.399107 9.212367 9.921058 10.481209 11.180132 11.991266 12.549372 13.348172 14.054899 14.677889 15.443143 16.126310 16.789142 
1.935517 3.900064 0.025211 0.463925 3.498953 4.198745 4.899043 5.602307 6.303253 6.998243 7.699065 8.398399 9.212369 9.921067 10.480054 11.179270 11.991263 12.549406 13.358486 14.054900 14.677987 15.443245 16.103898 16.791892 
1.935517 3.900064 0.334366 0.018146 3.498953 4.198747 4.899034 5.602312 6.303252 7.003667 7.699065 8.398572 9.211898 9.920498 10.481255 11.180176 11.991390 12.549386 13.348072 14.054900 14.677872 15.441501 16.103861 16.789066 
1.908142 0.408713 0.258600 0.458319 3.498972 4.199220 4.901894 5.602323 6.303247 7.003713 7.698393 8.398570 9.212324 9.920480 10.481294 11.180289 11.991732 12.548252 13.347946 14.053977 14.677878 15.443186 16.126126 16.789057 
1.924679 0.411608 0.014235 0.457931 3.499170 4.199217 4.899052 5.602289 6.303359 7.003789 7.698477 8.398570 9.211892 9.920480 10.481294 11.180286 11.991732 12.548263 13.348201 14.054133 14.677875 15.442714 16.126167 16.789165 
1.299306 0.030040 0.249273 0.502700 3.498855 4.198761 4.901895 5.602310 6.303240 6.998506 7.698382 8.398571 9.212311 9.921065 10.481276 11.180144 11.991469 12.548263 13.348242 14.054977 14.677888 15.442711 16.103933 16.789060 
1.924679 0.411608 0.014251 0.457931 3.499170 4.199217 4.899052 5.602383 6.303359 7.003788 7.698475 8.398570 9.211888 9.920480 10.481294 11.180286 11.991732 12.548263 13.348201 14.054133 14.677875 15.442714 16.126167 16.789165 
1.206667 0.006208 0.132703 3.398379 3.498965 4.198715 4.901486 5.602391 6.303358 6.997889 7.699057 8.398686 9.212338 9.921035 10.480361 11.180135 11.991735 12.549372 13.358064 14.062203 14.677889 15.443160 16.127403 16.789450 
1.299306 0.030040 0.258539 0.471939 3.498862 4.198762 4.901895 5.602210 6.303246 6.998506 7.699046 8.398571 9.212311 9.921069 10.481276 11.180289 11.992235 12.548252 13.348066 14.053977 14.677878 15.442713 16.127531 16.789060 
1.187566 0.612942 2.838064 0.009398 3.499157 4.198439 4.901507 5.602302 6.303243 7.003392 7.699051 8.398031 9.212376 9.921169 10.481284 11.178069 11.991731 12.549288 13.348180 14.055010 14.677934 15.444038 16.126127 16.788781 
1.170159 0.600645 2.978052 0.448512 3.498861 4.199232 4.899080 5.602206 6.303358 6.997886 7.698483 8.398639 9.212325 9.921045 10.480052 11.180287 11.999378 12.548264 13.357752 14.054029 14.677934 15.444118 16.126276 16.789443 
1.299306 0.030040 0.258539 0.471939 3.498855 4.198762 4.901895 5.602211 6.303358 6.998506 7.698380 8.398571 9.212311 9.921065 10.481276 11.180286 11.991724 12.548263 13.348063 14.053977 14.677889 15.442713 16.127493 16.789060 
1.191866 0.685360 0.133708 0.452819 3.498962 4.198746 4.899202 5.602388 6.303247 6.998343 7.698393 8.398686 9.212338 9.920489 10.480372 11.180307 11.992221 12.548259 13.347951 14.062503 14.677889 15.443160 16.126123 16.788874 
1.919307 0.408713 0.264958 0.458319 3.499170 4.199217 4.901924 5.602323 6.303358 7.003713 7.698393 8.398570 9.212325 9.920480 10.481294 11.180286 11.991732 12.548263 13.347946 14.053981 14.677879 15.443167 16.126162 16.789058 
1.924679 0.411608 0.016078 0.459502 3.499170 4.199217 4.899052 5.602267 6.303374 7.003542 7.698394 8.398570 9.212336 9.920480 10.481294 11.180286 11.991732 12.548263 13.348364 14.054133 14.677882 15.443167 16.126167 16.789172 
1.928002 0.423285 0.249273 0.459889 3.498855 4.198761 4.901895 5.602310 6.303240 6.998506 7.698477 8.398571 9.212311 9.921065 10.481276 11.180285 11.991468 12.548263 13.348243 14.054977 14.677888 15.442711 16.104960 16.789060 
1.921749 0.411608 0.015272 0.474252 3.499170 4.199218 4.899052 5.602387 6.303358 7.003713 7.698394 8.398570 9.212336 9.921067 10.481294 11.180286 11.991732 12.548263 13.347949 14.054163 14.677889 15.443163 16.126167 16.789171 
1.999481 3.504992 3.703031 0.018168 3.498948 4.199217 4.899055 5.602292 6.303255 6.997969 7.698402 8.398415 9.212367 9.920475 10.479999 11.179869 11.991273 12.549405 13.348147 14.053995 14.677946 15.441464 16.102564 16.790384 
1.999995 3.011416 3.222725 0.018198 3.498533 4.198786 4.902635 5.602282 6.303249 6.997961 7.698490 8.398413 9.210925 9.920459 10.480374 11.179816 11.991286 12.543362 13.348231 14.054808 14.677642 15.443213 16.128016 16.789195 
1.999950 2.788835 5.693532 0.445775 3.499135 4.198748 4.901561 5.602318 6.303408 6.998460 7.698492 8.407692 9.210768 9.921062 10.481329 11.179549 11.991585 12.549333 13.348407 14.053914 14.677854 15.442728 16.126759 16.789063 
1.999758 2.804786 5.450801 0.001513 3.499162 4.198716 4.901560 5.602319 6.303368 6.998460 7.698469 8.398794 9.210768 9.921063 10.480390 11.179550 11.991585 12.549333 13.348137 14.053921 14.677905 15.443142 16.126759 16.789196 
1.999758 2.804786 5.507949 0.003511 3.499162 4.198716 4.901560 5.602319 6.303368 6.998460 7.698469 8.398794 9.210768 9.921063 10.480390 11.179549 11.991585 12.549333 13.348137 14.053921 14.677905 15.443142 16.126759 16.789196 
1.999758 2.804786 5.507949 0.003511 3.499162 4.198716 4.901333 5.602300 6.303368 6.998460 7.698469 8.398794 9.210704 9.921063 10.480390 11.179550 11.991585 12.549333 13.348137 14.053921 14.677905 15.443142 16.126771 16.789196 
1.999922 2.804786 5.507949 0.003511 3.499162 4.198716 4.901327 5.602300 6.303368 6.998460 7.698493 8.398767 9.210703 9.921067 10.480390 11.179550 11.991585 12.549333 13.348137 14.053921 14.677905 15.443164 16.127648 16.789234 
1.994015 2.824691 5.611601 0.002480 3.499163 4.198742 4.899117 5.602307 6.303244 6.998459 7.698490 8.407519 9.210757 9.921090 10.480353 11.179063 11.991585 12.549333 13.347821 14.053913 14.677873 15.443990 16.103445 16.792181 
1.990190 0.030040 1.674299 0.471651 3.498862 4.198741 4.898994 5.602266 6.303373 6.998075 7.699055 8.399150 9.212311 9.920420 10.481262 11.180214 11.991265 12.548253 13.348070 14.053977 14.677878 15.443142 16.125574 16.789062 
1.999944 1.714628 4.680901 0.050903 3.498548 4.205936 4.899085 5.602300 6.303415 6.998443 7.698489 8.400586 9.210779 9.921023 10.480358 11.182540 11.998967 12.543494 13.348202 14.054932 14.677945 15.443131 16.127257 16.790257 
1.993821 2.131958 3.285815 0.087306 3.499164 4.198625 4.898980 5.602266 6.303246 7.003806 7.698474 8.398551 9.212922 9.921110 10.480435 11.180286 11.991603 12.548253 13.348386 14.054450 14.677916 15.443133 16.127654 16.789244 
1.999983 1.735858 1.980315 0.164756 3.498970 4.198758 4.901621 5.602223 6.303398 6.997969 7.698399 8.398317 9.210753 9.920821 10.480358 11.179219 11.991269 12.549377 13.348170 14.054005 14.677850 15.443113 16.127234 16.788860 
1.999059 0.698211 1.980178 0.120148 3.499173 4.198490 4.899110 5.602265 6.303257 6.998220 7.698481 8.400791 9.212290 9.921043 10.480379 11.180304 11.991700 12.549327 13.348335 14.053956 14.677850 15.442722 16.127572 16.789143 
1.999947 1.693357 4.680901 0.050903 3.498569 4.205936 4.901499 5.602309 6.303415 6.998438 7.698489 8.400586 9.210779 9.921022 10.480327 11.182564 11.991636 12.549102 13.348202 14.054937 14.677873 15.443212 16.127247 16.788846 
1.952189 0.651801 0.033309 0.494850 3.498962 4.198630 4.898961 5.602227 6.303246 6.998423 7.698403 8.398402 9.212324 9.921070 10.481262 11.180140 11.991268 12.549288 13.348167 14.053920 14.677967 15.443158 16.104049 16.791954 
1.999475 0.412757 0.046516 0.474025 3.499377 4.199217 4.899067 5.602266 6.303358 6.998145 7.698477 8.398571 9.211892 9.920475 10.481256 11.180286 11.991455 12.548263 13.348168 14.053779 14.677999 15.442716 16.126167 16.789182 
1.993252 1.387220 4.719088 0.026727 3.499161 4.199157 4.899078 5.602292 6.303375 6.998119 7.698477 8.398425 9.212305 9.920451 10.481292 11.180285 11.991271 12.549298 13.347869 14.055046 14.677967 15.442681 16.103531 16.792012 
1.999954 0.412755 0.016154 0.110589 3.499377 4.199217 4.899118 5.602265 6.303357 7.003682 7.698477 8.398571 9.211892 9.920480 10.481256 11.180286 11.991454 12.548263 13.348168 14.054852 14.677988 15.442718 16.125934 16.789165 
1.999535 0.412771 0.046516 0.085487 3.499377 4.199225 4.899067 5.602266 6.303375 6.998083 7.698477 8.398571 9.211892 9.920480 10.481296 11.180283 11.991455 12.548263 13.348366 14.054919 14.677999 15.442716 16.126167 16.789165 
1.999516 0.970780 1.981886 0.093531 3.498980 4.199208 4.901624 5.602324 6.303254 6.997976 7.698406 8.398310 9.211892 9.920467 10.481258 11.182051 11.991723 12.548232 13.348391 14.053971 14.677852 15.442718 16.126170 16.789151 
1.999482 0.411444 0.046214 0.466913 3.499170 4.199217 4.899055 5.602266 6.303325 7.003805 7.698478 8.398571 9.211892 9.920480 10.481261 11.180286 11.991455 12.548275 13.348197 14.053779 14.678000 15.442716 16.126110 16.788852 
1.998028 0.976992 0.038288 0.451796 3.499164 4.198734 4.899136 5.602324 6.303245 6.998061 7.698402 8.398589 9.212311 9.920826 10.480309 11.180261 11.991719 12.548076 13.347954 14.054668 14.677859 15.442718 16.126122 16.789134 
1.999463 1.979942 3.424809 0.076806 3.499385 4.199217 4.899031 5.602265 6.303359 7.003476 7.698477 8.398568 9.211893 9.921002 10.481257 11.180286 11.991743 12.548187 13.348168 14.054985 14.677987 15.443273 16.125929 16.789167 
1.999368 1.787114 4.450512 0.465710 3.499175 4.198762 4.901881 5.602324 6.303338 6.997986 7.698468 8.398571 9.212319 9.921063 10.481293 11.180286 11.992235 12.548184 13.347856 14.053996 14.677878 15.442716 16.126126 16.789060 
1.999960 0.352167 0.046193 0.479622 3.499177 4.199217 4.901607 5.602266 6.303359 6.997975 7.698477 8.398570 9.211916 9.920476 10.481261 11.180286 11.991201 12.548266 13.348168 14.053780 14.677960 15.442724 16.126167 16.789165 
1.999960 0.352167 0.046193 2.786071 3.499177 4.199217 4.899085 5.602266 6.303359 6.997975 7.698477 8.398407 9.211917 9.920476 10.481261 11.180286 11.991446 12.548266 13.348168 14.053780 14.677960 15.442727 16.126167 16.789165 
1.991230 1.979165 3.530243 0.076759 3.498965 4.198735 4.899108 5.602304 6.303400 6.997967 7.698401 8.398230 9.212351 9.921008 10.480380 11.179250 11.998428 12.548694 13.348338 14.054982 14.677985 15.443956 16.127563 16.789665 
1.999482 0.412757 0.046252 0.466913 3.499170 4.199217 4.899055 5.602266 6.303326 7.003433 7.698478 8.398567 9.211892 9.920475 10.481261 11.180286 11.991455 12.548263 13.348197 14.053779 14.677963 15.442716 16.126167 16.788852 
1.999960 0.352330 0.046193 0.479352 3.499177 4.199217 4.901607 5.602266 6.303360 6.998078 7.698478 8.398571 9.211916 9.920475 10.481261 11.180286 11.991201 12.548276 13.348168 14.053990 14.678000 15.442724 16.126167 16.789165 
1.999481 1.619615 5.741789 0.105598 3.498821 4.198650 4.901279 5.604013 6.303398 6.997928 7.698478 8.398261 9.211873 9.920418 10.480456 11.179286 11.991446 12.548267 13.348163 14.054374 14.677878 15.442727 16.126102 16.789166 
1.999059 0.698211 4.170169 0.051214 3.499173 4.198496 4.899110 5.602265 6.303362 6.998214 7.698401 8.400718 9.210697 9.921043 10.480379 11.179065 11.991655 12.549327 13.348336 14.054663 14.677853 15.442722 16.127573 16.789143 
1.999482 0.412757 0.286542 0.466913 3.499170 4.199217 4.899055 5.602266 6.303381 7.003583 7.698500 8.398568 9.211886 9.920490 10.481261 11.180307 11.991455 12.548263 13.348197 14.053779 14.677961 15.442710 16.126167 16.788851 
1.999475 0.412757 0.046516 0.474025 3.499377 4.199225 4.899067 5.602266 6.303375 6.998083 7.698477 8.398571 9.211892 9.920475 10.481256 11.180287 11.991455 12.548263 13.348161 14.054919 14.677999 15.442716 16.126167 16.789182 
1.999476 0.289538 3.504859 0.120272 3.498961 4.199221 4.901638 5.602265 6.303399 6.997958 7.698479 8.398570 9.212294 9.921023 10.481256 11.180292 11.991665 12.549413 13.348181 14.054013 14.677964 15.442716 16.126174 16.788860 
1.999516 0.860553 1.981886 0.101100 3.498980 4.199208 4.901624 5.602324 6.303248 7.003884 7.698403 8.398310 9.211851 9.921067 10.480450 11.180292 11.992243 12.548232 13.348385 14.054976 14.677852 15.442718 16.126170 16.789157 
1.999946 0.415692 0.018437 0.457931 3.499171 4.199217 4.899052 5.602266 6.303411 7.003791 7.698478 8.398488 9.211884 9.920480 10.481292 11.180209 11.991467 12.548556 13.348192 14.053996 14.677873 15.442716 16.126167 16.788848 
1.999292 0.970130 0.667938 0.463291 3.499169 4.199018 4.898860 5.602308 6.303359 7.003429 7.699055 8.398573 9.212313 9.920823 10.481290 11.237306 11.991716 12.548111 13.347560 14.054110 14.677916 15.442741 16.126110 16.789134 
1.999482 0.412757 0.046267 0.466913 3.499170 4.199217 4.899055 5.602266 6.303327 7.003805 7.698478 8.398570 9.211892 9.920480 10.481261 11.180286 11.991455 12.548263 13.348197 14.053779 14.677961 15.442716 16.126167 16.788852 
1.999480 0.891755 0.046252 0.464994 3.499048 4.199217 4.899118 5.602266 6.303326 7.003256 7.698478 8.398976 9.211892 9.920480 10.481271 11.180286 11.991495 12.548252 13.348201 14.053779 14.677875 15.442716 16.126167 16.789146 
1.999482 0.411508 0.046252 0.464994 3.499170 4.199217 4.899055 5.602265 6.303326 7.003432 7.698478 8.398567 9.211892 9.920480 10.481295 11.180286 11.991455 12.548263 13.348201 14.053780 14.677875 15.442716 16.126167 16.788856 
1.999946 0.411476 0.016161 0.457931 3.499170 4.199217 4.899053 5.602266 6.303359 7.003789 7.698477 8.398570 9.211892 9.920480 10.481292 11.180286 11.991732 12.548263 13.348201 14.054125 14.677882 15.442740 16.125917 16.789165 
1.999475 0.412757 0.016153 0.350614 3.499374 4.199217 4.899118 5.602265 6.303357 7.003682 7.698477 8.398571 9.211892 9.920475 10.481289 11.180286 11.991461 12.548263 13.348168 14.054853 14.677988 15.443263 16.125934 16.789182 
1.999518 0.970780 1.981886 0.085838 3.498980 4.199208 4.901563 5.602324 6.303254 6.997976 7.698406 8.398563 9.211892 9.920467 10.481258 11.182087 11.991723 12.548262 13.348391 14.053969 14.677852 15.442716 16.126170 16.789151 
1.999482 0.411444 0.046214 0.466927 3.499170 4.199217 4.899055 5.602266 6.303325 7.003795 7.698478 8.398571 9.211892 9.920480 10.481261 11.180286 11.991455 12.548276 13.348197 14.053997 14.678000 15.442716 16.126110 16.788852 
1.999482 1.186941 0.038374 0.457802 3.499046 4.198262 4.899060 5.602288 6.303363 6.997894 7.698477 8.398678 9.212330 9.920475 10.480447 11.180207 11.991463 12.549317 13.347968 14.053452 14.677870 15.442715 16.125743 16.789133 
1.999972 0.568535 0.018419 0.480087 3.499177 4.199222 4.901690 5.602266 6.303360 6.997974 7.698463 8.398488 9.211891 9.920480 10.481292 11.180208 11.991728 12.548305 13.348197 14.053994 14.677877 15.442724 16.126167 16.789186 
1.999475 0.412757 0.016153 0.110589 3.499377 4.199217 4.899118 5.602265 6.303357 7.003682 7.698477 8.398571 9.211892 9.920475 10.481256 11.180286 11.991454 12.548263 13.348168 14.054853 14.677988 15.443263 16.125934 16.789182 
1.999535 0.412747 0.095715 0.457728 3.499179 4.199217 4.899055 5.602266 6.303326 7.003838 7.698476 8.398570 9.211892 9.920480 10.481292 11.180286 11.991455 12.548263 13.348197 14.053982 14.677876 15.442698 16.126158 16.788848 
1.999475 0.412757 0.046516 0.474025 3.499377 4.199225 4.899055 5.602266 6.303375 6.997900 7.698477 8.398571 9.211892 9.920480 10.481256 11.180287 11.991455 12.548263 13.348197 14.054919 14.677999 15.442716 16.126167 16.789182 
1.999051 0.965006 4.169641 0.070400 3.498960 4.199026 4.899055 5.602226 6.303238 6.998209 7.698494 8.398602 9.211934 9.921067 10.480400 11.180283 11.991407 12.548280 13.348389 14.053754 14.677859 15.442722 16.127641 16.789136 
1.999490 0.024208 0.306787 0.466957 3.499166 4.199217 4.899184 5.602264 6.303383 7.003591 7.699042 8.398568 9.212311 9.920490 10.481292 11.180307 11.991731 12.549334 13.348186 14.053925 14.677875 15.441287 16.126167 16.788845 
1.998039 0.479588 1.964889 0.465390 3.499173 4.199208 4.899124 5.602324 6.303254 6.998062 7.698406 8.398310 9.212318 9.920467 10.480334 11.180264 11.991723 12.548232 13.347958 14.054005 14.677875 15.442718 16.127489 16.789152 
1.998028 0.974423 0.056525 0.079811 3.499165 4.199016 4.899136 5.602324 6.303385 6.998061 7.698401 8.398593 9.212311 9.920826 10.480309 11.180261 11.991719 12.543510 13.347954 14.054668 14.677859 15.442718 16.127499 16.789134 
1.999482 0.412757 0.046252 0.473932 3.499170 4.199217 4.899055 5.602266 6.303326 6.998145 7.698478 8.398571 9.211892 9.920475 10.481261 11.180286 11.991455 12.548263 13.348168 14.053779 14.677963 15.442716 16.126167 16.789182 
1.999368 0.412758 0.016144 0.110589 3.499377 4.199217 4.899032 5.602265 6.303359 7.003789 7.698477 8.398571 9.211892 9.920480 10.481292 11.180286 11.991743 12.548262 13.348168 14.054822 14.677987 15.443274 16.125930 16.789182 
1.999368 0.412757 0.016144 0.110589 3.499377 4.199217 4.899031 5.602265 6.303359 7.003789 7.698477 8.398571 9.211892 9.920478 10.481257 11.180286 11.991743 12.548187 13.348168 14.054822 14.677987 15.443274 16.125929 16.789182 
1.999535 0.412757 0.096037 0.466913 3.499179 4.199217 4.899055 5.602266 6.303326 7.003838 7.698493 8.398570 9.211892 9.920480 10.481262 11.180286 11.991455 12.548263 13.348197 14.053982 14.677876 15.442701 16.126165 16.788852 
1.999482 0.409884 0.036408 0.457817 3.499169 4.199214 4.899095 5.602266 6.303358 7.003850 7.698501 8.398571 9.211892 9.920480 10.481299 11.180208 11.991467 12.548275 13.348201 14.053934 14.677876 15.442705 16.126111 16.789134 
1.999482 0.412763 0.005999 0.466896 3.499170 4.199217 4.899053 5.602264 6.303399 7.003852 7.698476 8.398570 9.211892 9.920480 10.481292 11.180292 11.991465 12.548263 13.348201 14.053996 14.677880 15.442716 16.126169 16.788860 
1.999960 0.103458 3.424809 0.076806 3.499385 4.199048 4.899031 5.602267 6.303359 7.003476 7.698477 8.398568 9.211893 9.921002 10.481257 11.180286 11.991750 12.548187 13.348168 14.054985 14.677878 15.443273 16.126105 16.789167 
1.999785 0.445349 3.454273 0.112059 3.498861 4.199203 4.901377 5.602266 6.303238 6.998209 7.698403 8.398621 9.212922 9.920476 10.480325 11.178569 11.991775 12.548253 13.348386 14.053977 14.677852 15.443321 16.127642 16.789607 
1.999482 0.415712 0.016277 2.687637 3.499172 4.199217 4.899119 5.602266 6.303399 7.003655 7.698469 8.398408 9.211892 9.920475 10.481292 11.180285 11.991731 12.548233 13.348268 14.053996 14.677875 15.443256 16.125934 16.788864 
1.996419 0.596664 1.643625 0.474029 3.499172 4.199225 4.901502 5.602264 6.303329 6.998062 7.698494 8.398571 9.211886 9.920480 10.481229 11.237100 11.991613 12.548394 13.348454 14.055057 14.677999 15.442712 16.126167 16.788673 
1.999482 0.409880 0.005999 0.466896 3.499170 4.199217 4.899053 5.602264 6.303399 7.003852 7.698476 8.398570 9.211892 9.920480 10.481292 11.180292 11.991732 12.548263 13.348201 14.053996 14.677882 15.442716 16.125913 16.788860 
1.999480 0.892183 0.562545 0.095861 3.499046 4.199019 4.903095 5.602266 6.303385 6.998212 7.698402 8.398978 9.212308 9.921054 10.481272 11.180292 11.998713 12.543583 13.348437 14.053775 14.677875 15.442680 16.127510 16.789152 
1.998528 1.885488 4.710065 0.014494 3.498953 4.199198 4.899068 5.602265 6.303252 7.003786 7.698359 8.399404 9.212332 9.920412 10.481289 11.180378 11.998690 12.548625 13.348168 14.054809 14.677976 15.443226 16.103635 16.789258 
1.999522 0.869798 1.686034 0.457931 3.498954 4.199165 4.898870 5.602266 6.303357 6.998115 7.698402 8.398571 9.212340 9.920450 10.481252 11.180205 11.991472 12.548341 13.348323 14.054655 14.677918 15.442702 16.126126 16.788876 
1.999482 0.409880 0.005999 0.466896 3.499170 4.199217 4.899053 5.602264 6.303400 7.003852 7.698476 8.398570 9.211892 9.920480 10.481292 11.180292 11.991732 12.548276 13.348201 14.053996 14.677882 15.442716 16.125913 16.788860 
1.999475 0.289538 3.504859 0.120861 3.498961 4.199221 4.901638 5.602323 6.303399 7.003790 7.698479 8.398311 9.212296 9.921023 10.480460 11.180292 11.991665 12.549403 13.348182 14.055020 14.677855 15.442716 16.126174 16.788860 
