0.083247 0.164950 2.272686 0.001918 3.562271 4.274724 4.893143 5.592160 6.288397 6.987085 7.707863 8.408566 9.102403 9.802529 10.522080 11.187309 11.970252 12.674352 13.575304 14.290609 14.688610 15.421649 16.126055 16.827130 
0.353257 0.186633 0.062833 0.651506 3.562208 4.274694 4.893143 5.592163 6.321666 6.987068 7.707841 8.408560 9.102400 9.802598 10.521759 11.187309 11.970251 12.674368 13.576032 14.290601 14.688615 15.421650 16.126066 16.827141 
0.799576 2.063287 0.100323 0.002786 3.562267 4.274716 4.893142 5.592148 6.288385 6.987052 7.707840 8.408565 9.102410 9.802596 10.522090 11.187334 11.970257 12.674395 13.576843 14.290653 14.688610 15.421666 16.126060 16.827142 
0.346116 0.186633 0.640479 0.651506 3.562208 4.274694 4.893143 5.592163 6.321666 6.987083 7.707874 8.408560 9.102400 9.802597 10.521759 11.187309 11.970251 12.674368 13.576032 14.290558 14.688615 15.421651 16.126066 16.827142 
0.087005 0.164950 0.071325 0.001918 3.562276 4.274724 4.893143 5.592160 6.288397 6.987085 7.707863 8.408566 9.102403 9.802529 10.522080 11.187309 11.970252 12.674352 13.575296 14.290609 14.688610 15.421649 16.126055 16.827130 
0.771873 0.144963 0.509802 0.003930 3.562269 4.274694 4.893143 5.592161 6.288560 6.987044 7.707870 8.408584 9.102404 9.802600 10.522090 11.187308 11.970250 12.674395 13.576840 14.290432 14.688610 15.421648 16.126066 16.827142 
0.083218 0.164961 2.272686 0.001918 3.562271 4.274724 4.893143 5.592160 6.288398 6.987085 7.707878 8.408566 9.102403 9.802529 10.522080 11.187309 11.970252 12.674398 13.575304 14.290609 14.688610 15.421649 16.126055 16.827130 
0.419230 0.965926 2.945332 0.040476 3.562272 4.274712 4.893150 5.592156 6.288322 6.987072 7.707881 8.408636 9.102402 9.802446 10.522106 11.187353 11.970264 12.674399 13.576847 14.290610 14.688360 15.422846 16.126054 16.827130 
0.071495 0.802298 2.844185 0.059584 3.562272 4.274724 4.893143 5.592162 6.288386 6.987074 7.707880 8.408580 9.102404 9.802526 10.522091 11.187309 11.970252 12.674352 13.575256 14.290633 14.688610 15.421649 16.126060 16.827131 
0.083609 0.166375 0.110019 0.026320 3.562203 4.274692 4.893143 5.592162 6.288384 6.987085 7.707841 8.408559 9.102403 9.802595 10.522081 11.187308 11.970253 12.674403 13.576832 14.290608 14.688611 15.421648 16.126046 16.827130 
0.748562 0.938805 2.478916 0.028050 3.562268 4.274692 4.893143 5.592162 6.288325 6.987083 7.707842 8.408636 9.102403 9.802446 10.522083 11.187316 11.970266 12.674400 13.576847 14.290610 14.688610 15.421635 16.126070 16.827130 
0.011366 0.237159 0.095991 0.026029 3.562207 4.274695 4.893142 5.592160 6.288384 6.987085 7.707841 8.408559 9.102403 9.802597 10.522081 11.187336 11.970269 12.674402 13.576832 14.290632 14.688611 15.421650 16.126066 16.827130 
0.807936 0.469690 0.960247 0.008356 3.562273 4.274716 4.893142 5.592148 6.288333 6.987052 7.707842 8.408562 9.102400 9.802596 10.522089 11.187334 11.970339 12.674393 13.576840 14.293366 14.688588 15.421666 16.126059 16.827130 
0.083308 1.724297 0.068079 0.637878 3.562203 4.274692 4.893142 5.592160 6.288384 6.987084 7.707841 8.408559 9.102403 9.802594 10.522082 11.187308 11.970269 12.674403 13.576832 14.290598 14.688611 15.421700 16.126066 16.827130 
0.083126 2.792010 3.385024 0.031676 3.562273 4.274693 4.893143 5.592162 6.288397 6.987084 7.707863 8.408559 9.102403 9.802529 10.522080 11.187308 11.970252 12.674352 13.575286 14.290633 14.688623 15.421650 16.126066 16.827130 
0.083177 0.163388 2.220529 0.001956 3.562271 4.274724 4.893143 5.592162 6.288394 6.987085 7.707864 8.408566 9.102403 9.802525 10.522090 11.187308 11.970252 12.674352 13.576786 14.290609 14.688610 15.421649 16.126055 16.827130 
0.009178 0.205969 0.095991 0.026029 3.562208 4.274695 4.893143 5.592160 6.288384 6.987085 7.707840 8.408559 9.102403 9.802597 10.522081 11.187337 11.970210 12.674402 13.576837 14.290632 14.688611 15.421650 16.126066 16.827130 
0.083194 0.163388 2.220529 0.001936 3.562271 4.274724 4.893143 5.592162 6.288397 6.987085 7.707864 8.408566 9.102403 9.802525 10.522080 11.187308 11.970252 12.674352 13.576786 14.290609 14.688610 15.421649 16.126055 16.827130 
0.083218 1.771098 0.120748 0.028870 3.562272 4.274724 4.893143 5.592160 6.288391 6.987085 7.707841 8.408559 9.102403 9.802530 10.522103 11.187309 11.970273 12.674395 13.576846 14.290614 14.688610 15.421649 16.126059 16.827130 
0.391364 0.991773 3.306499 0.007313 3.562287 4.274716 4.893143 5.592162 6.321615 6.987075 7.707870 8.408561 9.102403 9.802529 10.522094 11.187383 11.970349 12.674461 13.576840 14.290554 14.688588 15.421662 16.126059 16.827135 
0.391283 0.802298 2.844185 0.059584 3.562272 4.274713 4.893143 5.592162 6.288386 6.987074 7.707880 8.408580 9.102404 9.802526 10.522091 11.187309 11.970345 12.674399 13.576846 14.290633 14.688610 15.421650 16.126060 16.827131 
0.009178 0.205969 0.095991 0.026029 3.562207 4.274695 4.893143 5.592160 6.288385 6.987085 7.707840 8.408559 9.102403 9.802597 10.522081 11.187337 11.970210 12.674402 13.576837 14.290632 14.688611 15.421650 16.126066 16.827130 
0.083218 2.682259 2.934333 0.028870 3.562273 4.274724 4.893143 5.592160 6.288391 6.987085 7.707841 8.408559 9.102403 9.802530 10.522104 11.187309 11.970273 12.674396 13.576846 14.290613 14.688610 15.421649 16.126059 16.827130 
0.083247 0.205632 2.205753 0.001935 3.562273 4.274724 4.893143 5.592160 6.288383 6.987085 7.707840 8.408559 9.102403 9.802598 10.522082 11.187308 11.970252 12.674395 13.576836 14.290609 14.688611 15.421649 16.126066 16.827130 
0.078662 0.144507 3.323886 0.056547 3.562275 4.274724 4.893143 5.592160 6.288397 6.987086 7.707841 8.408559 9.102403 9.802525 10.522091 11.187308 11.970255 12.674395 13.576838 14.290609 14.688618 15.421714 16.126053 16.827130 
0.104123 1.909647 0.068079 0.647617 3.562203 4.274692 4.893142 5.592162 6.288384 6.987068 7.707841 8.408559 9.102403 9.802595 10.522081 11.187308 11.970253 12.674403 13.576832 14.290597 14.688611 15.421700 16.126046 16.827130 
0.083218 2.680738 2.922876 0.028870 3.562273 4.274724 4.893143 5.592160 6.288392 6.987085 7.707841 8.408559 9.102403 9.802525 10.522104 11.187309 11.970274 12.674396 13.576846 14.290613 14.688610 15.421649 16.126065 16.827130 
0.079325 0.626621 2.205753 0.001935 3.562273 4.274724 4.893143 5.592160 6.288383 6.987085 7.707840 8.408559 9.102403 9.802598 10.522082 11.187308 11.970252 12.674395 13.576840 14.290609 14.688611 15.421649 16.126066 16.827130 
0.078662 0.163387 3.323886 0.056547 3.562275 4.274724 4.893143 5.592160 6.288397 6.987086 7.707841 8.408566 9.102403 9.802525 10.522082 11.187308 11.970255 12.674395 13.576838 14.290609 14.688618 15.421714 16.126053 16.827130 
0.736545 0.355687 0.025168 0.351982 3.562209 4.274691 4.893140 5.592162 6.288397 6.987027 7.707842 8.408566 9.102404 9.802590 10.522092 11.187382 11.970249 12.674394 13.576840 14.290556 14.688591 15.421724 16.126055 16.827142 
0.347698 1.937026 0.640479 0.651506 3.562208 4.274694 4.893143 5.592163 6.321666 6.987083 7.707875 8.408560 9.102400 9.802597 10.521759 11.187337 11.970251 12.674368 13.576032 14.290558 14.688615 15.421651 16.126059 16.827141 
0.777675 0.302507 0.726738 0.590103 3.562273 4.274716 4.893140 5.592143 6.288384 6.987085 7.707870 8.408559 9.102403 9.802528 10.522082 11.187308 11.970266 12.674404 13.576832 14.290598 14.688610 15.421651 16.126047 16.827130 
0.419088 3.608677 0.399957 0.311630 3.562295 4.274715 4.893142 5.592148 6.288367 6.987050 7.707877 8.408560 9.102403 9.802581 10.522091 11.187308 11.970254 12.674357 13.576837 14.290533 14.688619 15.421650 16.126066 16.827125 
0.083115 2.792010 3.393424 0.032149 3.562273 4.274693 4.893143 5.592162 6.288371 6.987084 7.707863 8.408559 9.102403 9.802582 10.522079 11.187308 11.970267 12.674399 13.576841 14.290632 14.688623 15.421650 16.126066 16.827131 
0.083218 0.163342 3.383592 0.028539 3.562273 4.274724 4.893143 5.592160 6.288397 6.987085 7.707841 8.408565 9.102403 9.802530 10.522104 11.187309 11.970266 12.674396 13.576846 14.290613 14.688610 15.421649 16.126059 16.827130 
0.331815 1.231758 0.626227 0.000594 3.562272 4.274725 4.893143 5.592160 6.321666 6.987068 7.707873 8.408596 9.102403 9.802527 10.521763 11.187337 11.970251 12.674395 13.576836 14.290633 14.688615 15.421651 16.126046 16.827141 
0.375342 0.802983 2.996222 0.002491 3.562272 4.274713 4.893143 5.592148 6.288386 6.987084 7.707863 8.408565 9.102403 9.802533 10.522091 11.187308 11.970346 12.674365 13.576846 14.290430 14.688598 15.421639 16.126059 16.827142 
0.083218 0.163342 3.383592 0.028519 3.562273 4.274724 4.893143 5.592160 6.288397 6.987085 7.707841 8.408565 9.102403 9.802530 10.522104 11.187309 11.970267 12.674396 13.576846 14.290613 14.688610 15.421649 16.126059 16.827130 
0.083218 0.000843 3.383966 0.028870 3.562273 4.274724 4.893143 5.592160 6.288392 6.987085 7.707841 8.408565 9.102403 9.802525 10.522104 11.187309 11.970274 12.674396 13.576841 14.290613 14.688610 15.421651 16.126065 16.827130 
0.079358 0.621702 0.077110 0.000776 3.562203 4.274692 4.893143 5.592160 6.288385 6.987069 7.707841 8.408556 9.102403 9.802594 10.522081 11.187335 11.970267 12.674403 13.576840 14.290594 14.688611 15.421701 16.126066 16.827130 
0.178128 0.164356 0.082962 0.638377 3.562208 4.274695 4.893143 5.592162 6.288384 6.987070 7.707839 8.408559 9.102403 9.802595 10.522091 11.187308 11.970268 12.674395 13.576837 14.290598 14.688610 15.421700 16.126066 16.827130 
0.079358 0.621702 0.077110 0.000776 3.562203 4.274692 4.893143 5.592160 6.288385 6.987069 7.707841 8.408556 9.102403 9.802594 10.522081 11.187335 11.970266 12.674403 13.576840 14.290594 14.688611 15.421701 16.126066 16.827130 
0.083218 0.164961 2.272686 0.001919 3.562277 4.274724 4.893143 5.592160 6.288383 6.987085 7.707879 8.408565 9.102403 9.802529 10.522080 11.187309 11.970209 12.674398 13.576820 14.290609 14.688621 15.421649 16.126055 16.827130 
0.006402 0.206765 1.965749 0.352082 3.562210 4.274692 4.893150 5.592160 6.288400 6.987085 7.707863 8.408565 9.102403 9.802539 10.522104 11.187309 11.970267 12.674401 13.576846 14.290611 14.688621 15.421705 16.126065 16.827130 
0.174404 0.164356 0.082865 0.026539 3.562208 4.274695 4.893143 5.592162 6.288384 6.987070 7.707840 8.408559 9.102403 9.802598 10.522091 11.187308 11.970268 12.674395 13.576837 14.290598 14.688610 15.421699 16.126066 16.827130 
0.178128 0.164356 0.082799 0.026539 3.562208 4.274695 4.893143 5.592162 6.288384 6.987070 7.707839 8.408559 9.102403 9.802598 10.522091 11.187308 11.970268 12.674395 13.576837 14.290598 14.688610 15.421699 16.126066 16.827130 
0.083115 2.777758 2.203928 0.031797 3.562203 4.274690 4.893143 5.592160 6.288385 6.987068 7.707841 8.408559 9.102403 9.802524 10.522081 11.187336 11.970266 12.674399 13.576846 14.290594 14.688610 15.421654 16.126059 16.827130 
0.103257 0.202635 0.025478 0.352321 3.562203 4.274690 4.893142 5.592160 6.288397 6.987084 7.707863 8.408559 9.102403 9.802529 10.522092 11.187308 11.970267 12.674402 13.576846 14.290553 14.688622 15.421654 16.126046 16.827130 
0.086860 1.810310 0.068079 0.637878 3.562203 4.274692 4.893142 5.592160 6.288384 6.987068 7.707841 8.408559 9.102403 9.802594 10.522081 11.187308 11.970269 12.674403 13.576832 14.290598 14.688611 15.421700 16.126066 16.827130 
0.083218 2.668903 2.934333 0.029048 3.562273 4.274725 4.893142 5.592159 6.288384 6.987084 7.707841 8.408580 9.102403 9.802530 10.522104 11.187308 11.970273 12.674396 13.576845 14.290614 14.688610 15.421649 16.126059 16.827130 
0.083218 0.000244 3.383966 0.000158 3.562273 4.274724 4.893143 5.592160 6.288397 6.987085 7.707839 8.408565 9.102403 9.802528 10.522104 11.187309 11.970274 12.674396 13.576841 14.290609 14.688610 15.421649 16.126065 16.827130 
0.083260 2.703046 2.934234 0.004741 3.562273 4.274725 4.893143 5.592162 6.288394 6.987084 7.707840 8.408559 9.102403 9.802530 10.522091 11.187308 11.970253 12.674395 13.576836 14.290609 14.688610 15.421649 16.126066 16.827130 
0.083115 2.792010 3.393424 0.031676 3.562273 4.274693 4.893143 5.592162 6.288371 6.987084 7.707863 8.408559 9.102403 9.802528 10.522079 11.187308 11.970267 12.674399 13.576841 14.290633 14.688623 15.421650 16.126066 16.827141 
0.006402 0.206278 2.246596 0.349983 3.562210 4.274691 4.893143 5.592160 6.288400 6.987085 7.707863 8.408565 9.102403 9.802529 10.522104 11.187309 11.970267 12.674402 13.576846 14.290609 14.688621 15.421654 16.126066 16.827130 
0.083384 1.810310 0.068079 0.002093 3.562204 4.274692 4.893143 5.592160 6.288384 6.987068 7.707840 8.408559 9.102403 9.802594 10.522082 11.187308 11.970269 12.674403 13.576836 14.290609 14.688611 15.421700 16.126066 16.827130 
0.083247 0.186098 0.078670 0.001922 3.562273 4.274724 4.893143 5.592162 6.288397 6.987085 7.707840 8.408565 9.102403 9.802528 10.522082 11.187308 11.970252 12.674395 13.576836 14.290609 14.688610 15.421649 16.126059 16.827142 
0.006402 0.206765 2.246596 0.349983 3.562210 4.274691 4.893143 5.592160 6.288400 6.987085 7.707863 8.408565 9.102403 9.802529 10.522104 11.187309 11.970267 12.674402 13.576846 14.290609 14.688621 15.421654 16.126066 16.827130 
0.079358 0.621702 0.077110 0.001043 3.562203 4.274692 4.893142 5.592160 6.288384 6.987069 7.707841 8.408556 9.102403 9.802594 10.522081 11.187308 11.970269 12.674403 13.576840 14.290594 14.688611 15.421700 16.126066 16.827130 
0.085832 0.144801 2.204780 0.004741 3.562273 4.274724 4.893143 5.592162 6.288394 6.987085 7.707840 8.408559 9.102403 9.802525 10.522091 11.187308 11.970253 12.674395 13.576836 14.290609 14.688610 15.421649 16.126066 16.827130 
0.083247 0.163443 2.262052 0.001922 3.562273 4.274724 4.893143 5.592162 6.288397 6.987085 7.707840 8.408565 9.102403 9.802528 10.522082 11.187308 11.970252 12.674395 13.576836 14.290609 14.688610 15.421649 16.126059 16.827142 
0.085832 0.144801 2.204763 0.649159 3.562273 4.274724 4.893143 5.592162 6.288394 6.987085 7.707840 8.408559 9.102403 9.802528 10.522091 11.187308 11.970253 12.674395 13.576836 14.290608 14.688610 15.421649 16.126066 16.827130 
0.083115 2.777758 2.220232 0.029425 3.562273 4.274695 4.893140 5.592160 6.288371 6.987070 7.707863 8.408566 9.102403 9.802590 10.522081 11.187336 11.970272 12.674399 13.576846 14.290633 14.688610 15.421727 16.126066 16.827141 
0.086898 0.217987 5.304163 0.026799 3.562208 4.274694 4.893143 5.592160 6.288384 6.987070 7.707878 8.408596 9.102400 9.802594 10.522078 11.187317 11.970211 12.674368 13.576837 14.290632 14.688610 15.421650 16.126066 16.827130 
0.007651 0.164950 2.272686 0.001937 3.562273 4.274724 4.893143 5.592160 6.288397 6.987085 7.707864 8.408580 9.102403 9.802529 10.522103 11.187308 11.970252 12.674395 13.576841 14.290609 14.688623 15.421649 16.126059 16.827130 
0.178128 1.790212 0.177277 0.638377 3.562208 4.274695 4.893143 5.592160 6.288384 6.987070 7.707839 8.408559 9.102403 9.802595 10.522091 11.187308 11.970268 12.674395 13.576830 14.290598 14.688610 15.421700 16.126066 16.827130 
0.083161 0.852708 0.068181 0.576580 3.562291 4.274717 4.893150 5.592162 6.321623 6.987070 7.707837 8.408558 9.102403 9.802528 10.522081 11.187337 11.970253 12.674399 13.576846 14.290647 14.688623 15.421650 16.126066 16.827141 
1.999158 2.924043 5.752761 0.004368 3.562285 4.274698 4.893143 5.592161 6.320900 6.987070 7.707840 8.408564 9.102396 9.802437 10.522082 11.187338 11.970258 12.674466 13.576845 14.290632 14.688619 15.421654 16.126066 16.827138 
1.999158 3.699263 3.971515 0.004368 3.562285 4.274715 4.893143 5.592160 6.320913 6.987068 7.707840 8.408561 9.102396 9.802595 10.522082 11.187338 11.970258 12.674466 13.576845 14.290632 14.688619 15.421652 16.126066 16.827138 
1.999314 3.503103 5.233026 0.019129 3.562205 4.274694 4.893114 5.592161 6.322734 6.987045 7.707873 8.408622 9.102403 9.802579 10.522081 11.187338 11.970239 12.674363 13.576962 14.290557 14.688615 15.421616 16.126047 16.827141 
1.999728 2.945945 5.983222 0.000024 3.562204 4.274698 4.893143 5.592161 6.321527 6.987070 7.707873 8.408564 9.102403 9.802533 10.522075 11.187338 11.970260 12.674456 13.576840 14.290414 14.688614 15.421618 16.126072 16.827141 
1.999724 2.945945 5.986908 0.000048 3.562204 4.274698 4.893152 5.592161 6.321534 6.987041 7.707866 8.408564 9.102403 9.802534 10.522075 11.187338 11.970260 12.674405 13.576845 14.290414 14.688610 15.421616 16.126046 16.827141 
1.999192 3.065303 5.021694 0.000977 3.562207 4.274685 4.893143 5.592160 6.288323 6.987070 7.707866 8.408558 9.102404 9.802536 10.522090 11.187307 11.970339 12.674402 13.576840 14.290556 14.688625 15.421697 16.126073 16.827131 
1.999724 2.945945 5.986908 0.000048 3.562204 4.274698 4.893152 5.592161 6.321534 6.987041 7.707866 8.408564 9.102403 9.802533 10.522075 11.187338 11.970260 12.674405 13.576845 14.290414 14.688610 15.421616 16.126046 16.827141 
1.999832 0.012772 1.986870 0.004844 3.562205 4.274694 4.893150 5.592160 6.288334 6.987070 7.707840 8.408579 9.102396 9.802582 10.522092 11.187307 11.970256 12.674397 13.575277 14.290556 14.688619 15.421665 16.126066 16.827130 
1.977734 0.043836 3.206757 0.003966 3.562207 4.274690 4.893150 5.592162 6.288384 6.987070 7.707840 8.408566 9.102404 9.802595 10.522094 11.187309 11.970253 12.674354 13.575310 14.290556 14.688618 15.421664 16.126066 16.827135 
1.999776 0.614687 4.580080 0.004883 3.562207 4.274694 4.893143 5.592162 6.288384 6.987085 7.707840 8.408580 9.102400 9.802595 10.522081 11.187309 11.970252 12.674396 13.575281 14.290556 14.688627 15.421652 16.126063 16.827130 
1.999822 0.008414 4.699136 0.003614 3.562205 4.274693 4.893143 5.592160 6.288334 6.987038 7.707840 8.408579 9.102396 9.802587 10.522092 11.187307 11.970330 12.674464 13.575282 14.290556 14.688619 15.421664 16.126069 16.827130 
1.998585 0.822842 0.025750 0.004837 3.562205 4.274689 4.893156 5.592163 6.288380 6.987069 7.707839 8.408581 9.102404 9.802582 10.522092 11.187308 11.970254 12.674395 13.575297 14.290555 14.688621 15.421700 16.126066 16.827121 
1.999776 0.614687 4.608350 0.004883 3.562207 4.274694 4.893152 5.592162 6.288384 6.987069 7.707840 8.408580 9.102400 9.802595 10.522081 11.187309 11.970252 12.674353 13.575306 14.290556 14.688621 15.421664 16.126066 16.827130 
1.999778 0.057092 4.608350 0.003869 3.562204 4.274694 4.893150 5.592162 6.288384 6.987069 7.707840 8.408587 9.102403 9.802598 10.522093 11.187336 11.970252 12.674394 13.575306 14.290556 14.688618 15.421662 16.126069 16.827130 
1.999191 0.613029 0.512819 0.003887 3.562207 4.274686 4.893152 5.592162 6.288384 6.987069 7.707840 8.408580 9.102404 9.802595 10.522082 11.187336 11.970252 12.674353 13.575306 14.290558 14.688621 15.421664 16.126066 16.827130 
1.999163 0.440227 1.962994 0.004880 3.562207 4.274690 4.893150 5.592163 6.288384 6.987069 7.707843 8.408580 9.102404 9.802595 10.522081 11.187307 11.970251 12.674463 13.575316 14.290518 14.688625 15.421700 16.126055 16.827142 
1.999802 0.008163 4.599173 0.000762 3.562205 4.274690 4.893152 5.592160 6.288386 6.987037 7.707856 8.408587 9.102400 9.802595 10.522092 11.187307 11.970254 12.674396 13.575392 14.290556 14.688620 15.421663 16.126069 16.827142 
1.999776 0.614687 4.608350 0.004883 3.562207 4.274694 4.893152 5.592162 6.288384 6.987069 7.707840 8.408580 9.102400 9.802595 10.522081 11.187309 11.970252 12.674353 13.575306 14.290556 14.688621 15.421664 16.126066 16.827130 
1.999157 1.467549 4.071884 0.000691 3.562210 4.274716 4.893143 5.592162 6.288333 6.987045 7.707866 8.408581 9.102397 9.802595 10.522092 11.187308 11.970329 12.674466 13.576845 14.290554 14.688618 15.421700 16.126054 16.827142 
1.998856 1.642927 2.017980 0.002550 3.562296 4.274694 4.893143 5.592162 6.288332 6.987025 7.707839 8.408581 9.102396 9.802532 10.522090 11.187308 11.970254 12.674400 13.576846 14.290556 14.688624 15.421652 16.126073 16.827131 
1.998473 1.165354 0.675363 0.000031 3.562294 4.274688 4.893156 5.592162 6.288321 6.987070 7.707870 8.408556 9.102404 9.802602 10.522081 11.187336 11.970346 12.674353 13.576842 14.290553 14.688591 15.421700 16.126045 16.827142 
1.999120 0.612143 4.604123 0.004871 3.562209 4.274690 4.893152 5.592162 6.288383 6.987070 7.707840 8.408558 9.102400 9.802582 10.522092 11.187309 11.970250 12.674397 13.575306 14.290555 14.688621 15.421568 16.126066 16.827131 
1.995067 1.041251 2.585682 0.023139 3.562273 4.274695 4.893156 5.592143 6.321445 6.987024 7.707843 8.408617 9.102403 9.802583 10.522101 11.187338 11.970343 12.674395 13.576835 14.290555 14.688591 15.421549 16.126059 16.827142 
1.977422 0.028737 0.052392 0.003360 3.562207 4.274690 4.893150 5.592162 6.288384 6.987069 7.707840 8.408566 9.102403 9.802595 10.522093 11.187309 11.970253 12.674354 13.575310 14.290556 14.688618 15.421664 16.126066 16.827135 
1.999134 0.612143 4.608350 0.004871 3.562209 4.274694 4.893152 5.592162 6.288384 6.987070 7.707840 8.408580 9.102400 9.802595 10.522092 11.187307 11.970252 12.674352 13.575306 14.290556 14.688621 15.421664 16.126066 16.827130 
1.999134 0.612143 4.608350 0.004871 3.562209 4.274694 4.893152 5.592162 6.288384 6.987070 7.707840 8.408580 9.102400 9.802595 10.522092 11.187307 11.970252 12.674352 13.575306 14.290556 14.688621 15.421664 16.126066 16.827130 
1.999976 0.612143 4.608350 0.004025 3.562207 4.274694 4.893152 5.592162 6.288384 6.987070 7.707840 8.408580 9.102400 9.802595 10.522092 11.187307 11.970252 12.674352 13.575306 14.290554 14.688621 15.421651 16.126066 16.827130 
1.996730 0.028737 0.068068 0.003842 3.562207 4.274694 4.893150 5.592162 6.288384 6.987069 7.707873 8.408560 9.102403 9.802595 10.522093 11.187336 11.970253 12.674367 13.575310 14.290630 14.688618 15.421664 16.126066 16.827135 
1.999983 0.660806 0.005921 0.004629 3.562208 4.274716 4.893143 5.592163 6.288384 6.987069 7.707843 8.408580 9.102404 9.802595 10.522081 11.187309 11.970251 12.674463 13.575332 14.290518 14.688625 15.421701 16.126055 16.827142 
1.998491 0.807387 1.968839 0.179865 3.562271 4.274714 4.893150 5.592162 6.288333 6.987070 7.707840 8.408556 9.102403 9.802539 10.522092 11.187336 11.970345 12.674352 13.575257 14.290515 14.688592 15.421702 16.126055 16.827138 
1.996168 1.105596 4.828946 0.001903 3.562209 4.274687 4.893152 5.592160 6.288371 6.987068 7.707840 8.408580 9.102403 9.802524 10.522092 11.187308 11.970252 12.674349 13.576835 14.290629 14.688610 15.421648 16.126066 16.827130 
1.999822 0.008414 4.699136 0.003614 3.562272 4.274693 4.893143 5.592160 6.288334 6.987040 7.707840 8.408560 9.102397 9.802587 10.522082 11.187309 11.970330 12.674464 13.575282 14.290597 14.688619 15.421664 16.126069 16.827130 
1.969899 0.687169 0.630264 0.005112 3.562272 4.274715 4.893151 5.592162 6.288342 6.987025 7.707869 8.408562 9.102402 9.802593 10.522092 11.187338 11.970339 12.674396 13.576838 14.290556 14.688619 15.421700 16.126066 16.827144 
1.999983 0.614416 0.057681 0.004630 3.562208 4.274716 4.893143 5.592163 6.288384 6.987069 7.707843 8.408580 9.102404 9.802595 10.522081 11.187309 11.970251 12.674463 13.575308 14.290518 14.688621 15.421664 16.126066 16.827130 
1.999138 0.657400 1.906876 0.004883 3.562209 4.274694 4.893152 5.592162 6.288384 6.987070 7.707840 8.408580 9.102400 9.802415 10.522081 11.187307 11.970252 12.674353 13.575290 14.290555 14.688621 15.421702 16.126066 16.827138 
1.999778 0.590427 4.608350 0.003962 3.562207 4.274694 4.893152 5.592162 6.288384 6.987069 7.707840 8.408580 9.102400 9.802595 10.522081 11.187336 11.970252 12.674352 13.575306 14.290556 14.688621 15.421664 16.126066 16.827130 
1.998863 0.615291 2.017092 0.002550 3.562296 4.274694 4.893152 5.592162 6.288384 6.987025 7.707839 8.408557 9.102397 9.802532 10.522090 11.187308 11.970251 12.674396 13.266774 14.290556 14.688624 15.421651 16.126066 16.827142 
1.994919 0.230378 2.603044 0.004467 3.562206 4.274694 4.893114 5.592160 6.288382 6.987066 7.707840 8.408559 9.102400 9.802581 10.522080 11.187307 11.970253 12.674395 13.576838 14.290555 14.688619 15.421568 16.126066 16.827131 
1.998509 0.851456 1.881166 0.008308 3.562273 4.274688 4.893150 5.592163 6.288328 6.987070 7.707840 8.408556 9.102404 9.802536 10.522094 11.187308 11.970259 12.674399 13.576840 14.290555 14.688592 15.421699 16.126061 16.827142 
1.999778 0.590427 4.608350 0.003869 3.562204 4.274694 4.893150 5.592162 6.288384 6.987069 7.707840 8.408587 9.102403 9.802598 10.522081 11.187336 11.970252 12.674394 13.575306 14.290556 14.688621 15.421662 16.126069 16.827130 
1.999159 0.550912 1.958058 0.004836 3.562207 4.274690 4.893150 5.592163 6.288378 6.987069 7.707843 8.408558 9.102403 9.802598 10.522092 11.187307 11.970251 12.674463 13.576840 14.290554 14.688621 15.421701 16.126067 16.827142 
1.999832 0.012772 1.927986 0.008309 3.562205 4.274693 4.893150 5.592160 6.288334 6.987070 7.707840 8.408579 9.102396 9.802587 10.522092 11.187307 11.970330 12.674397 13.575282 14.290556 14.688619 15.421664 16.126066 16.827130 
1.999319 0.414436 3.418268 0.004898 3.562272 4.274717 4.893143 5.592162 6.288384 6.987069 7.707840 8.408559 9.102403 9.802595 10.522094 11.187308 11.970344 12.674396 13.576843 14.290556 14.688619 15.421664 16.126047 16.827142 
1.999160 1.287803 5.081817 0.052510 3.562273 4.274690 4.893153 5.592160 6.288322 6.987045 7.707865 8.408558 9.102404 9.802534 10.522101 11.187308 11.970255 12.674466 13.576838 14.290556 14.688619 15.421717 16.126053 16.827136 
1.999728 0.006631 1.906876 0.004883 3.562210 4.274694 4.893152 5.592162 6.321156 6.987068 7.707840 8.408580 9.102397 9.802416 10.522081 11.187309 11.970252 12.674462 13.575319 14.290557 14.688621 15.421701 16.126055 16.827141 
1.999788 0.579469 4.608350 0.000731 3.562204 4.274694 4.893150 5.592162 6.288384 6.987070 7.707869 8.408587 9.102403 9.802531 10.522090 11.187335 11.970252 12.674394 13.575306 14.290556 14.688621 15.421698 16.126069 16.827130 
1.993169 0.045432 4.623298 0.000158 3.562272 4.274724 4.893143 5.592163 6.288384 6.987070 7.707839 8.408565 9.102403 9.802596 10.522102 11.187307 11.970252 12.674395 13.576842 14.290607 14.688621 15.421701 16.126065 16.827130 
1.999439 1.085407 4.828946 0.004559 3.562209 4.274685 4.893152 5.592159 6.288384 6.987070 7.707840 8.408580 9.102400 9.802595 10.522092 11.187308 11.970252 12.674351 13.576844 14.290361 14.688621 15.421615 16.126055 16.827131 
1.999776 0.657400 1.906876 0.004883 3.562207 4.274694 4.893152 5.592162 6.288384 6.987069 7.707840 8.408580 9.102400 9.802416 10.522081 11.187309 11.970252 12.674353 13.575290 14.290555 14.688621 15.421702 16.126055 16.827138 
1.998981 0.469327 0.960247 0.008141 3.562273 4.274716 4.893142 5.592148 6.288333 6.987070 7.707842 8.408562 9.102400 9.802596 10.522089 11.187334 11.970339 12.674393 13.575261 14.290587 14.688587 15.421666 16.126059 16.827130 
1.998851 0.832040 0.944751 0.447881 3.562274 4.274686 4.893143 5.592162 6.288334 6.987068 7.707870 8.408561 9.102400 9.802540 10.522090 11.187382 11.970339 12.674396 13.576840 14.290354 14.688619 15.421702 16.126066 16.827135 
1.999505 0.650746 4.658050 0.004846 3.562205 4.274714 4.893145 5.592162 6.288382 6.987069 7.707858 8.408623 9.102396 9.802587 10.522081 11.187307 11.970347 12.674464 13.576840 14.290555 14.688619 15.421665 16.126069 16.827143 
1.998406 0.440227 1.936259 0.004846 3.562207 4.274690 4.893150 5.592162 6.288343 6.987046 7.707866 8.408558 9.102402 9.802533 10.522081 11.187308 11.970251 12.674464 13.576838 14.290517 14.688592 15.421699 16.126053 16.827142 
1.999157 1.467549 4.071884 0.000691 3.562210 4.274716 4.893143 5.592162 6.288333 6.987045 7.707866 8.408581 9.102397 9.802595 10.522092 11.187308 11.970329 12.674466 13.576845 14.290554 14.688618 15.421700 16.126054 16.827142 
1.999778 0.573204 5.030087 0.003962 3.562207 4.274714 4.893152 5.592162 6.288384 6.987069 7.707840 8.408557 9.102404 9.802595 10.522081 11.187336 11.970250 12.674352 13.575290 14.290556 14.688621 15.421664 16.126066 16.827130 
1.998491 0.810949 1.968839 0.009763 3.562272 4.274714 4.893150 5.592162 6.288321 6.987068 7.707840 8.408556 9.102404 9.802420 10.522081 11.187336 11.970345 12.674396 13.576840 14.290516 14.688592 15.421702 16.126055 16.827138 
1.999170 0.230378 2.599863 0.018100 3.562206 4.274699 4.893114 5.592160 6.288383 6.987045 7.707843 8.408620 9.102400 9.802598 10.521768 11.187307 11.970347 12.674469 13.576840 14.290556 14.688599 15.421546 16.126071 16.827143 
1.999134 0.612143 4.604123 0.004871 3.562209 4.274714 4.893152 5.592162 6.288383 6.987070 7.707840 8.408580 9.102400 9.802595 10.522092 11.187309 11.970252 12.674354 13.575306 14.290610 14.688621 15.421664 16.126066 16.827130 
1.999884 0.036892 3.296507 0.004849 3.562210 4.274690 4.893156 5.592162 6.288384 6.987067 7.707840 8.408558 9.102403 9.802582 10.522092 11.187307 11.970250 12.674395 13.576838 14.290555 14.688619 15.421568 16.126069 16.827131 
1.999731 0.681115 1.906876 0.002642 3.562207 4.274694 4.893152 5.592162 6.321156 6.987069 7.707839 8.408581 9.102397 9.802416 10.522081 11.187308 11.970252 12.674353 13.575319 14.290556 14.688621 15.421702 16.126055 16.827141 
1.999457 0.290331 0.011991 0.004480 3.562273 4.274715 4.893143 5.592160 6.288384 6.987085 7.707840 8.408559 9.102403 9.802582 10.522082 11.187309 11.970259 12.674396 13.576832 14.290597 14.688627 15.421652 16.126063 16.827138 
1.999983 0.656579 0.048648 0.019605 3.562273 4.274715 4.893143 5.592160 6.321712 6.987069 7.707843 8.408559 9.102403 9.802581 10.522081 11.187309 11.970266 12.674399 13.576840 14.290556 14.688610 15.421651 16.126061 16.827142 
1.999728 0.681115 1.906876 0.004883 3.562207 4.274694 4.893152 5.592162 6.321156 6.987068 7.707840 8.408581 9.102400 9.802416 10.522081 11.187309 11.970252 12.674353 13.575319 14.290557 14.688621 15.421702 16.126055 16.827141 
1.999457 0.288084 0.025632 0.004480 3.562273 4.274715 4.893143 5.592160 6.288384 6.987085 7.707840 8.408559 9.102404 9.802582 10.522082 11.187309 11.970259 12.674396 13.576832 14.290609 14.688593 15.421651 16.126063 16.827131 
1.997108 0.041330 0.168517 0.002798 3.562204 4.274695 4.893150 5.592159 6.288384 6.987070 7.707843 8.408558 9.102403 9.802598 10.522082 11.187309 11.970252 12.674402 13.576837 14.290632 14.688610 15.421699 16.126066 16.827141 
1.999121 0.614687 4.608350 0.000390 3.562271 4.274717 4.893152 5.592162 6.288333 6.987070 7.707840 8.408558 9.102403 9.802538 10.522092 11.187309 11.970247 12.674352 13.575306 14.290557 14.688621 15.421663 16.126066 16.827135 
1.998569 0.841537 0.645388 0.004642 3.562269 4.274690 4.893151 5.592162 6.288320 6.987070 7.707871 8.408558 9.102404 9.802544 10.522090 11.187308 11.970247 12.674396 13.576838 14.290519 14.688618 15.421650 16.126066 16.827135 
1.999778 0.614687 4.606992 0.004876 3.562271 4.274717 4.893143 5.592162 6.288333 6.987044 7.707840 8.408580 9.102397 9.802537 10.522081 11.187309 11.970252 12.674353 13.575282 14.290556 14.688620 15.421664 16.126066 16.827130 
1.999983 0.013383 3.493019 0.003950 3.562208 4.274714 4.893143 5.592162 6.288397 6.987085 7.707835 8.408557 9.102400 9.802595 10.522081 11.187309 11.970250 12.674354 13.576840 14.290609 14.688592 15.421651 16.126059 16.827130 
1.998496 0.428788 0.988549 0.294231 3.562207 4.274714 4.893150 5.592160 6.288379 6.987069 7.707869 8.408579 9.102403 9.802598 10.522081 11.187307 11.970345 12.674466 13.576850 14.290512 14.688592 15.421700 16.126055 16.827130 
1.987287 3.063799 3.304935 0.001674 3.562270 4.274690 4.893142 5.592162 6.288394 6.987070 7.707839 8.408559 9.102400 9.802599 10.522083 11.187316 11.970267 12.674395 13.576835 14.290597 14.688634 15.421664 16.126066 16.827131 
1.999151 2.775790 2.476796 0.017838 3.562208 4.274716 4.893151 5.592162 6.322408 6.987024 7.707870 8.408593 9.102408 9.802580 10.522082 11.187316 11.970346 12.674396 13.576840 14.290388 14.688591 15.421648 16.126070 16.827140 
1.999780 3.063799 3.282816 0.000753 3.562209 4.274690 4.893151 5.592162 6.288394 6.987024 7.707839 8.408559 9.102400 9.802599 10.522083 11.187316 11.970267 12.674395 13.576835 14.290597 14.688634 15.421698 16.126066 16.827131 
1.999151 2.775790 2.482572 0.017838 3.562208 4.274693 4.893151 5.592162 6.322404 6.987024 7.707870 8.408594 9.102408 9.802580 10.522082 11.187316 11.970346 12.674396 13.576840 14.290388 14.688591 15.421648 16.126070 16.827140 
1.914712 0.200523 0.071244 0.001627 3.562276 4.274724 4.893143 5.592160 6.288397 6.987085 7.707863 8.408559 9.102400 9.802581 10.522080 11.187309 11.970252 12.674399 13.575296 14.290609 14.688610 15.421649 16.126055 16.827130 
1.604829 1.040475 0.026907 0.003738 3.562204 4.274695 4.893150 5.592143 6.287736 6.987024 7.707842 8.408591 9.102406 9.802599 10.522094 11.187339 11.970268 12.674396 13.576845 14.290564 14.688591 15.421538 16.126046 16.827130 
1.635943 0.008962 4.581825 0.019605 3.562273 4.274715 4.893143 5.592160 6.321712 6.987038 7.707843 8.408559 9.102403 9.802581 10.522081 11.187309 11.970330 12.674399 13.575247 14.290556 14.688610 15.421651 16.126061 16.827130 
1.999448 2.311763 4.912672 0.000562 3.562272 4.274689 4.893143 5.592161 6.288384 6.987070 7.707840 8.408558 9.102404 9.802582 10.522082 11.187317 11.970259 12.674399 13.576838 14.290551 14.688614 15.421652 16.126072 16.827130 
1.999683 2.311309 4.912672 0.000562 3.562272 4.274689 4.893143 5.592161 6.288384 6.987070 7.707840 8.408559 9.102404 9.802582 10.522082 11.187307 11.970259 12.674399 13.576840 14.290551 14.688614 15.421652 16.126072 16.827130 
1.999971 2.305069 5.250868 0.000565 3.562268 4.274687 4.893150 5.592161 6.288381 6.987070 7.707878 8.408595 9.102400 9.802594 10.522081 11.187317 11.970257 12.674363 13.576846 14.290630 14.688614 15.421645 16.126073 16.827130 
1.999449 2.305069 5.250868 0.000565 3.562268 4.274712 4.893150 5.592161 6.288381 6.987073 7.707878 8.408595 9.102400 9.802589 10.522081 11.187317 11.970245 12.674363 13.576955 14.290630 14.688614 15.421645 16.126073 16.827130 
1.978144 2.238053 3.922377 0.005684 3.562272 4.274691 4.893152 5.592159 6.288330 6.987030 7.707878 8.408595 9.102400 9.802589 10.522082 11.187317 11.970245 12.674363 13.576955 14.290632 14.688615 15.421615 16.126072 16.827130 
1.999449 2.305069 5.250868 0.000565 3.562272 4.274712 4.893150 5.592161 6.288381 6.987073 7.707878 8.408595 9.102400 9.802589 10.522081 11.187317 11.970238 12.674363 13.576955 14.290630 14.688614 15.421644 16.126073 16.827130 
1.999443 2.252210 3.971453 0.005421 3.562268 4.274690 4.893151 5.592159 6.288330 6.987030 7.707878 8.408595 9.102400 9.802589 10.522082 11.187317 11.970245 12.674363 13.576955 14.290632 14.688615 15.421615 16.126072 16.827130 
1.999449 2.305069 5.250868 0.000565 3.562272 4.274712 4.893150 5.592161 6.288381 6.987073 7.707878 8.408595 9.102400 9.802589 10.522081 11.187317 11.970238 12.674363 13.576955 14.290630 14.688614 15.421644 16.126073 16.827130 
1.999322 2.238053 3.922377 0.005684 3.562272 4.274691 4.893152 5.592159 6.288330 6.987030 7.707878 8.408595 9.102400 9.802589 10.522082 11.187317 11.970245 12.674363 13.576955 14.148399 14.688615 15.421615 16.126072 16.827130 
1.999449 2.305069 5.250868 0.000565 3.562268 4.274712 4.893150 5.592161 6.288381 6.987073 7.707878 8.408595 9.102400 9.802589 10.522081 11.187317 11.970245 12.674363 13.576955 14.290630 14.688615 15.421614 16.126073 16.827130 
1.999443 2.252210 4.690547 0.005360 3.562268 4.274690 4.893151 5.592159 6.288331 6.987029 7.707878 8.408595 9.102400 9.802589 10.522082 11.187317 11.970245 12.674363 13.576955 14.290632 14.688614 15.421614 16.126072 16.827130 
1.999703 1.878954 0.444930 0.029087 3.562273 4.274690 4.893150 5.592160 6.321615 6.987069 7.707840 8.408559 9.102410 9.802525 10.522104 11.187333 11.970266 12.674399 13.576842 14.290551 14.688610 15.421704 16.126060 16.827142 
1.999985 1.697682 0.090114 0.017968 3.562284 4.274690 4.893150 5.592160 6.321625 6.987070 7.707840 8.408559 9.102410 9.802595 10.522081 11.187333 11.970252 12.674399 13.575314 14.290551 14.688610 15.421704 16.126060 16.827142 
1.998708 1.930262 0.445610 0.298579 3.562291 4.274714 4.893150 5.592162 6.322228 6.987069 7.707869 8.408559 9.102403 9.802595 10.522081 11.187338 11.970256 12.674399 13.576873 14.290554 14.688608 15.421699 16.126059 16.827142 
1.998690 1.691632 0.079080 0.017968 3.562284 4.274690 4.893150 5.592162 6.321650 6.987070 7.707841 8.408559 9.102410 9.802595 10.522081 11.187333 11.970252 12.674399 13.575304 14.290551 14.688610 15.421699 16.126059 16.827142 
1.999703 1.696441 0.001046 0.028765 3.562273 4.274690 4.893143 5.592160 6.321615 6.987069 7.707841 8.408559 9.102410 9.802525 10.522104 11.187333 11.970266 12.674399 13.576842 14.290551 14.688610 15.421704 16.126060 16.827142 
1.999703 1.695403 0.155538 0.017968 3.562291 4.274690 4.893150 5.592159 6.321615 6.987071 7.707840 8.408596 9.102410 9.802595 10.522081 11.187337 11.970256 12.674402 13.576842 14.290551 14.688610 15.421704 16.126060 16.827142 
1.999725 3.733125 0.515920 0.016015 3.562206 4.274686 4.893143 5.592159 6.288383 6.987069 7.707839 8.408562 9.102404 9.802595 10.522081 11.187307 11.970253 12.674399 13.576840 14.290629 14.688598 15.421650 16.126061 16.827131 
1.999709 3.939260 0.615770 0.001920 3.562207 4.274694 4.893153 5.592162 6.288384 6.987071 7.707873 8.408578 9.102410 9.802538 10.522098 11.187308 11.970343 12.674398 13.576833 14.290641 14.688617 15.421550 16.126046 16.827121 
1.999716 3.815883 0.013210 0.020286 3.562273 4.274715 4.893150 5.592160 6.321615 6.987069 7.707839 8.408559 9.102403 9.802581 10.522099 11.187308 11.970252 12.674399 13.576840 14.290545 14.688609 15.421652 16.126061 16.827121 
1.999709 3.897570 0.489211 0.001920 3.562207 4.274685 4.893153 5.592162 6.288383 6.987071 7.707873 8.408578 9.102400 9.802538 10.522098 11.187308 11.970343 12.674398 13.576833 14.290641 14.688617 15.421550 16.126046 16.827121 
1.999709 3.897570 0.489510 0.001920 3.562207 4.274685 4.893153 5.592162 6.288383 6.987071 7.707873 8.408578 9.102400 9.802538 10.522098 11.187308 11.970343 12.674394 13.576833 14.290641 14.688617 15.421550 16.126046 16.827121 
1.999725 3.899456 0.515920 0.015776 3.562206 4.274686 4.893143 5.592162 6.288383 6.987069 7.707839 8.408561 9.102404 9.802595 10.522081 11.187307 11.970343 12.674399 13.576840 14.290629 14.688598 15.421650 16.126062 16.827122 
1.999709 3.897542 0.013447 0.001960 3.562207 4.274685 4.893153 5.592162 6.288384 6.987071 7.707873 8.408578 9.102410 9.802538 10.522098 11.187308 11.970344 12.674394 13.576841 14.290641 14.688617 15.421550 16.126070 16.827121 
1.999709 3.897542 0.524997 0.001921 3.562207 4.274685 4.893153 5.592162 6.288383 6.987071 7.707839 8.408578 9.102400 9.802539 10.522092 11.187308 11.970343 12.674394 13.576842 14.290632 14.688617 15.421552 16.126046 16.827121 
1.999709 3.897542 0.524997 0.001921 3.562207 4.274685 4.893153 5.592162 6.288383 6.987071 7.707839 8.408578 9.102400 9.802539 10.522092 11.187308 11.970343 12.674394 13.576842 14.290632 14.688617 15.421552 16.126046 16.827121 
1.999687 2.989599 4.912986 0.000436 3.562272 4.274689 4.893143 5.592161 6.288384 6.987070 7.707840 8.408559 9.102404 9.802582 10.522090 11.187308 11.970259 12.674399 13.576840 14.290551 14.688599 15.421652 16.126062 16.827136 
1.999687 2.989599 4.912986 0.000436 3.562272 4.274689 4.893143 5.592161 6.288384 6.987070 7.707840 8.408559 9.102404 9.802582 10.522090 11.187308 11.970259 12.674399 13.576840 14.290551 14.688599 15.421652 16.126062 16.827136 
1.999687 2.989599 4.912986 0.000436 3.562272 4.274689 4.893143 5.592161 6.288384 6.987070 7.707840 8.408559 9.102404 9.802582 10.522090 11.187308 11.970259 12.674399 13.576840 14.290551 14.688599 15.421652 16.126062 16.827136 
1.999728 2.945945 4.222797 0.000006 3.562204 4.274698 4.893152 5.592161 6.321534 6.987040 7.707873 8.408564 9.102403 9.802420 10.522075 11.187338 11.970260 12.674457 13.576844 14.290413 14.688610 15.421616 16.126046 16.827141 
1.998469 2.784526 4.307051 0.033556 3.562204 4.274698 4.893152 5.592160 6.323234 6.987040 7.707872 8.408564 9.102403 9.802421 10.522093 11.187338 11.970260 12.674457 13.576842 14.290413 14.688610 15.421616 16.126046 16.827141 
1.999474 2.981772 5.024466 0.000492 3.562272 4.274689 4.893143 5.592161 6.288384 6.987070 7.707840 8.408559 9.102404 9.802581 10.522090 11.187308 11.970259 12.674399 13.576840 14.290552 14.688599 15.421652 16.126062 16.827136 
1.999703 2.776720 0.048648 0.743712 3.562273 4.274716 4.893150 5.592162 6.321615 6.987069 7.707840 8.408580 9.102403 9.802581 10.522081 11.187307 11.970253 12.674399 13.575309 14.290552 14.688610 15.421652 16.126066 16.827142 
1.994123 3.696163 0.011980 0.003360 3.562272 4.274715 4.893143 5.592160 6.321615 6.987069 7.707840 8.408559 9.102403 9.802583 10.522081 11.187307 11.970253 12.674402 13.576840 14.290548 14.688627 15.421697 16.126061 16.827138 
1.999746 3.725597 0.013220 0.013964 3.562273 4.274715 4.893150 5.592160 6.321615 6.987069 7.707839 8.408559 9.102403 9.802581 10.522100 11.187308 11.970252 12.674399 13.576840 14.290545 14.688609 15.421652 16.126061 16.827131 
1.984363 2.329256 0.190680 0.000924 3.562206 4.274685 4.893143 5.592159 6.288383 6.987070 7.707840 8.408563 9.102410 9.802596 10.522082 11.187353 11.970257 12.674399 13.576840 14.290631 14.688617 15.421649 16.126073 16.827130 
1.999197 3.062356 0.497033 0.001093 3.562208 4.274687 4.893150 5.592160 6.321615 6.987069 7.707840 8.408559 9.102403 9.802594 10.522082 11.187307 11.970253 12.674399 13.576840 14.290550 14.688610 15.421652 16.126061 16.827142 
1.999606 2.776720 0.048648 0.018385 3.562208 4.274694 4.893152 5.592160 6.321601 6.987070 7.707840 8.408559 9.102400 9.802581 10.522081 11.187307 11.970253 12.674399 13.576840 14.290552 14.688621 15.421652 16.126066 16.827142 
1.993175 2.393059 0.347125 0.000099 3.562288 4.274686 4.893118 5.592161 6.288327 6.987070 7.707878 8.408559 9.102400 9.802429 10.522081 11.187307 11.970339 12.674399 13.576838 14.290368 14.688598 15.421615 16.126066 16.827141 
1.984581 2.333564 0.177216 0.018381 3.562272 4.274712 4.893150 5.592160 6.288129 6.987069 7.707878 8.408596 9.102403 9.802596 10.522082 11.187352 11.970253 12.674400 13.576957 14.290631 14.688610 15.421649 16.126073 16.827142 
1.999451 3.010824 0.273356 0.454416 3.562205 4.274715 4.893143 5.592160 6.288385 6.987069 7.707842 8.408559 9.102404 9.802582 10.522090 11.187307 11.970249 12.674399 13.576838 14.290554 14.688618 15.421700 16.126055 16.827131 
1.999459 2.416328 0.225665 0.004822 3.562291 4.274715 4.893151 5.592148 6.289417 6.987070 7.707879 8.408561 9.102406 9.802528 10.522091 11.187336 11.970254 12.674399 13.576837 14.290526 14.688609 15.421651 16.126066 16.827138 
1.999192 3.062356 0.497033 0.001091 3.562208 4.274687 4.893150 5.592160 6.321615 6.987069 7.707840 8.408559 9.102403 9.802594 10.522082 11.187307 11.970253 12.674399 13.576840 14.290550 14.688610 15.421650 16.126061 16.827142 
1.984199 3.153988 0.051712 0.000485 3.562290 4.274715 4.893152 5.592160 6.321601 6.987067 7.707839 8.408559 9.102403 9.802582 10.522081 11.187308 11.970253 12.674395 13.576840 14.290551 14.688610 15.421653 16.126061 16.827130 
1.999192 3.071175 0.483820 0.000923 3.562206 4.274685 4.893143 5.592159 6.288383 6.987070 7.707840 8.408562 9.102410 9.802538 10.522082 11.187308 11.970257 12.674399 13.576840 14.290631 14.688617 15.421650 16.126073 16.827131 
1.999960 3.065354 0.026060 0.000527 3.562205 4.274686 4.893143 5.592159 6.288385 6.987070 7.707840 8.408581 9.102410 9.802594 10.522092 11.187307 11.970257 12.674395 13.576840 14.290631 14.688599 15.421701 16.126073 16.827131 
1.994123 2.818737 0.011980 0.003360 3.562273 4.274715 4.893143 5.592160 6.321615 6.987069 7.707841 8.408559 9.102403 9.802583 10.522081 11.187307 11.970253 12.674402 13.576840 14.290548 14.688610 15.421697 16.126061 16.827121 
1.999703 2.789482 0.011980 0.003360 3.562273 4.274715 4.893143 5.592160 6.321615 6.987069 7.707841 8.408559 9.102403 9.802583 10.522090 11.187308 11.970253 12.674402 13.576840 14.290545 14.688610 15.421652 16.126061 16.827121 
1.984581 2.324688 0.177216 0.000493 3.562272 4.274712 4.893152 5.592161 6.288371 6.987069 7.707879 8.408597 9.102400 9.802596 10.522081 11.187352 11.970254 12.674400 13.576957 14.290631 14.688610 15.421649 16.126073 16.827130 
1.999606 2.776720 0.048648 0.018385 3.562273 4.274716 4.893150 5.592160 6.321615 6.987069 7.707840 8.408559 9.102400 9.802581 10.522081 11.187308 11.970253 12.674399 13.576840 14.290552 14.688610 15.421652 16.126061 16.827142 
1.999192 3.065303 0.515360 0.000923 3.562207 4.274685 4.893143 5.592159 6.288383 6.987070 7.707840 8.408562 9.102404 9.802595 10.522081 11.187307 11.970258 12.674399 13.576832 14.290632 14.688598 15.421650 16.126073 16.827130 
1.999192 3.076468 0.513622 0.020118 3.562207 4.274685 4.893143 5.592159 6.288383 6.987069 7.707840 8.408559 9.102404 9.802595 10.522081 11.187307 11.970258 12.674399 13.576840 14.290630 14.688609 15.421650 16.126073 16.827130 
1.999197 3.062356 0.494070 0.000498 3.562206 4.274687 4.893150 5.592160 6.321602 6.987069 7.707839 8.408562 9.102403 9.802594 10.522082 11.187307 11.970250 12.674399 13.576840 14.290550 14.688610 15.421652 16.126061 16.827142 
1.999443 2.397717 0.157052 0.005526 3.562208 4.274686 4.893143 5.592159 6.288303 6.987030 7.707879 8.408597 9.102400 9.802582 10.522098 11.187337 11.970258 12.674401 13.576955 14.290359 14.688598 15.421615 16.126072 16.827136 
1.999192 3.065354 0.483820 0.000923 3.562208 4.274686 4.893143 5.592159 6.288383 6.987070 7.707840 8.408562 9.102410 9.802594 10.522082 11.187307 11.970257 12.674399 13.576840 14.290631 14.688598 15.421650 16.126073 16.827131 
1.994047 3.725597 0.047586 0.000775 3.562273 4.274715 4.893150 5.592160 6.321615 6.987069 7.707841 8.408559 9.102403 9.802581 10.522100 11.187308 11.970267 12.674401 13.576836 14.290551 14.688610 15.421652 16.126055 16.827130 
1.999192 3.065303 0.515144 0.000923 3.562207 4.274685 4.893143 5.592159 6.288383 6.987070 7.707840 8.408562 9.102404 9.802595 10.522082 11.187307 11.970258 12.674399 13.576840 14.290632 14.688598 15.421650 16.126073 16.827131 
1.999960 3.065354 0.483820 0.000506 3.562208 4.274686 4.893143 5.592159 6.288385 6.987070 7.707840 8.408562 9.102410 9.802594 10.522082 11.187307 11.970257 12.674399 13.576840 14.290631 14.688598 15.421650 16.126073 16.827131 
1.999746 3.725597 0.012248 0.020320 3.562273 4.274715 4.893150 5.592160 6.321615 6.987069 7.707839 8.408559 9.102403 9.802581 10.522100 11.187308 11.970252 12.674399 13.576840 14.290545 14.688609 15.421652 16.126061 16.827131 
1.999274 3.045721 0.273356 0.462469 3.562205 4.274694 4.893150 5.592161 6.288330 6.987070 7.707842 8.408559 9.102404 9.802598 10.522090 11.187307 11.970250 12.674395 13.576838 14.290554 14.688618 15.421700 16.126055 16.827130 
1.999457 3.449236 0.166793 0.020319 3.562206 4.274715 4.893143 5.592160 6.321046 6.987069 7.707841 8.408559 9.102410 9.802582 10.522097 11.187307 11.970259 12.674402 13.576840 14.290552 14.688598 15.421652 16.126062 16.827131 
1.984581 2.324688 0.177216 0.000493 3.562272 4.274712 4.893152 5.592161 6.288381 6.987069 7.707879 8.408597 9.102400 9.802596 10.522081 11.187352 11.970254 12.674400 13.576957 14.290631 14.688610 15.421649 16.126073 16.827130 
1.999716 3.725597 0.013210 0.020320 3.562273 4.274715 4.893150 5.592160 6.321615 6.987069 7.707839 8.408559 9.102403 9.802581 10.522100 11.187308 11.970252 12.674399 13.576840 14.290545 14.688609 15.421652 16.126061 16.827131 
1.999455 3.012482 0.333221 0.000499 3.562273 4.274715 4.893143 5.592160 6.288384 6.987069 7.707840 8.408559 9.102404 9.802582 10.522081 11.187307 11.970259 12.674399 13.576840 14.290551 14.688599 15.421652 16.126062 16.827131 
1.999690 3.012482 0.018368 0.000510 3.562271 4.274715 4.893143 5.592160 6.288384 6.987069 7.707840 8.408559 9.102404 9.802582 10.522082 11.187307 11.970259 12.674399 13.576840 14.290551 14.688599 15.421652 16.126062 16.827131 
1.999726 3.694076 0.180260 0.001030 3.562290 4.274716 4.893150 5.592160 6.288275 6.987038 7.707841 8.408559 9.102404 9.802594 10.522096 11.187307 11.970340 12.674402 13.576840 14.293181 14.688589 15.421645 16.126062 16.827131 
1.999716 3.725597 0.013210 0.019439 3.562273 4.274715 4.893150 5.592160 6.321615 6.987069 7.707839 8.408559 9.102403 9.802581 10.522099 11.187308 11.970253 12.674399 13.576840 14.290545 14.688609 15.421652 16.126061 16.827121 
