0.078600 3.689104 4.102564 0.047902 3.509051 4.194138 4.902665 5.599681 6.338518 6.976853 7.685523 8.427213 9.121012 9.822515 10.490100 11.219651 11.900107 12.599901 13.311609 14.011736 14.675167 15.374041 16.076158 16.778194 
0.809986 0.256074 2.252012 0.022448 3.509275 4.194142 4.902661 5.599678 6.339413 6.976715 7.685517 8.428950 9.120803 9.822512 10.490096 11.220235 11.900105 12.599874 13.311482 14.012346 14.676815 15.375273 16.078270 16.778203 
0.083031 0.717678 2.340113 0.138808 3.509046 4.194138 4.902620 5.599679 6.338535 6.976855 7.685537 8.427727 9.121007 9.822511 10.490141 11.219603 11.900015 12.599858 13.311497 14.011861 14.675255 15.374057 16.078292 16.778084 
0.083031 0.717678 2.340113 0.138796 3.509046 4.194138 4.902620 5.599679 6.338535 6.976855 7.685537 8.427727 9.121007 9.822511 10.490141 11.219603 11.900015 12.599858 13.311497 14.011861 14.675255 15.374057 16.078292 16.778084 
0.034705 3.941966 2.277981 0.042449 3.509042 4.194150 4.902626 5.599698 6.338480 6.976869 7.685456 8.430925 9.120797 9.822396 10.490015 11.219087 11.900111 12.599858 13.311494 14.012262 14.675146 15.448507 16.078392 16.778033 
0.419102 0.280487 2.254319 0.041746 3.509270 4.194004 4.902617 5.599655 6.338548 6.976865 7.685517 8.428941 9.120800 9.822512 10.490096 11.219145 11.900105 12.599874 13.311482 14.012344 14.676861 15.375273 16.078248 16.778263 
0.034705 0.405212 5.778051 0.041993 3.509042 4.194150 4.902616 5.599697 6.338485 6.976872 7.685456 8.428869 9.120798 9.822396 10.490297 11.219073 11.900111 12.599864 13.311494 14.011752 14.675089 15.448507 16.078392 16.778265 
0.419098 3.719642 0.102158 0.042179 3.509270 4.193994 4.902617 5.599655 6.339418 6.976735 7.684924 8.431248 9.120948 9.822501 10.489903 11.219636 11.900105 12.599842 13.311500 14.011862 14.675158 15.448280 16.076170 16.774522 
0.034705 0.405212 5.778051 0.041993 3.509042 4.194150 4.902616 5.599697 6.338485 6.976872 7.685456 8.428869 9.120798 9.822396 10.490297 11.219073 11.900111 12.599864 13.311494 14.011752 14.675089 15.448507 16.078392 16.778265 
0.809863 0.659129 2.250302 0.256347 3.509042 4.194138 4.902625 5.599688 6.339767 6.976725 7.685500 8.432200 9.120801 9.822401 10.503966 11.220102 11.900105 12.599858 13.311498 14.012227 14.675132 15.374040 16.075643 16.774518 
0.419102 0.280487 2.252075 0.041746 3.509270 4.194004 4.902661 5.599655 6.338548 6.976865 7.685517 8.428941 9.120800 9.822512 10.490096 11.219106 11.900105 12.599874 13.311482 14.012344 14.676861 15.375273 16.078270 16.778263 
0.419154 3.871106 2.218077 0.178112 3.509270 4.193997 4.902663 5.599656 6.338583 6.976848 7.685523 8.429186 9.120952 9.822414 10.490095 11.219599 11.900106 12.599909 13.311497 14.011927 14.676945 15.374356 16.078366 16.778279 
0.419154 3.839567 2.218077 0.022684 3.509270 4.194001 4.902663 5.599656 6.338583 6.976848 7.685519 8.429186 9.120952 9.822414 10.490095 11.219599 11.900104 12.599909 13.311497 14.011928 14.674402 15.374356 16.078366 16.778276 
0.085955 3.916825 2.291962 0.042454 3.509267 4.194001 4.902617 5.599697 6.338524 6.976861 7.685524 8.429186 9.120801 9.822400 10.490078 11.219656 11.900108 12.599869 13.311497 14.012265 14.675265 15.446810 16.078422 16.778280 
0.083031 0.720029 2.340113 0.138796 3.509046 4.194138 4.902620 5.599679 6.338535 6.976855 7.685537 8.427727 9.121008 9.822511 10.490141 11.219612 11.900015 12.599858 13.311497 14.011861 14.675258 15.374057 16.078292 16.778079 
0.427465 0.281086 2.252012 0.023096 3.509270 4.194144 4.902666 5.599696 6.338558 6.976715 7.685536 8.428941 9.120979 9.822508 10.490141 11.219124 11.900104 12.599910 13.311482 14.012344 14.676861 15.375275 16.078551 16.778203 
0.809986 0.256074 2.252012 0.022448 3.509270 4.194142 4.902661 5.599705 6.339413 6.976715 7.685517 8.428950 9.120803 9.822512 10.490096 11.220235 11.900105 12.599874 13.311482 14.012344 14.676861 15.375273 16.078270 16.778203 
0.286615 3.838954 0.635603 0.094166 3.509028 4.194128 4.902642 5.599680 6.338538 6.976717 7.684928 8.427793 9.120873 9.822518 10.490142 11.220050 11.900106 12.600731 13.311483 14.012277 14.674424 15.373684 16.075638 16.774521 
0.364060 0.646227 2.344150 0.142625 3.509262 4.194001 4.902618 5.599657 6.339300 6.976855 7.684907 8.431183 9.121004 9.822512 10.490114 11.219103 11.900014 12.599890 13.311493 14.009449 14.675258 15.453538 16.078480 16.778196 
0.084912 0.653434 2.404000 0.031863 3.509047 4.194151 4.902667 5.599698 6.338459 6.976872 7.685501 8.429022 9.120946 9.822519 10.490133 11.219068 11.900108 12.599858 13.311613 14.012346 14.675179 15.373999 16.078293 16.778241 
0.083832 0.699430 2.323828 0.139584 3.509036 4.193997 4.902665 5.599681 6.338517 6.976856 7.686875 8.427730 9.120941 9.822515 10.489825 11.219058 11.900016 12.599870 13.311498 14.011858 14.675169 15.374523 16.078309 16.777982 
0.049990 3.966097 2.263194 0.067211 3.509272 4.194002 4.902617 5.599681 6.338524 6.976860 7.685456 8.429186 9.120801 9.822400 10.490080 11.219656 11.900102 12.599869 13.311497 14.012252 14.675264 15.373941 16.078364 16.778175 
0.271614 3.822349 5.899408 0.004675 3.509244 4.194002 4.902627 5.599682 6.338518 6.976603 7.684908 8.431504 9.120934 9.822520 10.503726 11.219505 11.900108 12.600958 13.311485 14.012218 14.675192 15.374432 16.075636 16.774514 
0.049990 3.877434 2.288219 0.067211 3.509272 4.194002 4.902621 5.599681 6.338524 6.976860 7.685456 8.429186 9.120964 9.822400 10.490080 11.219656 11.900108 12.599869 13.311497 14.012261 14.675264 15.446810 16.078364 16.778175 
0.420133 0.244245 4.469560 0.021633 3.509270 4.193997 4.902616 5.599697 6.338583 6.976848 7.685527 8.428941 9.120952 9.822512 10.490093 11.219611 11.900105 12.599900 13.311497 14.011757 14.675089 15.447840 16.078249 16.778276 
0.049990 3.882155 2.288219 0.042454 3.509267 4.194002 4.902617 5.599697 6.338524 6.976860 7.685456 8.429186 9.120802 9.822400 10.490081 11.219656 11.900108 12.599869 13.311497 14.012261 14.675265 15.446810 16.078422 16.778226 
0.049990 3.882155 2.288219 0.042454 3.509267 4.194002 4.902617 5.599697 6.338524 6.976860 7.685456 8.429186 9.120802 9.822400 10.490081 11.219656 11.900108 12.599869 13.311497 14.012261 14.675265 15.446810 16.078422 16.778226 
0.083031 0.747019 0.265169 0.138796 3.509046 4.194143 4.902620 5.599679 6.338535 6.976855 7.685504 8.427727 9.121005 9.822511 10.490141 11.219603 11.900017 12.599858 13.311497 14.011861 14.675255 15.374057 16.078290 16.778084 
0.419154 0.244381 2.218077 0.021633 3.509270 4.194001 4.902663 5.599657 6.338583 6.976848 7.685519 8.428941 9.120952 9.822414 10.490093 11.219597 11.900104 12.599909 13.311497 14.009497 14.675089 15.374363 16.078249 16.778276 
0.419145 0.986465 2.216749 0.258016 3.509274 4.194001 4.902621 5.599696 6.338522 6.976862 7.685536 8.430489 9.120980 9.822416 10.490141 11.219124 11.900106 12.599908 13.311506 14.012423 14.676860 15.374040 16.078440 16.778216 
0.096104 0.280487 2.252012 0.022448 3.509270 4.194144 4.902666 5.599704 6.339413 6.976715 7.685518 8.428941 9.120802 9.822512 10.490096 11.219127 11.900104 12.599910 13.311482 14.012344 14.676861 15.375275 16.078554 16.778203 
0.420474 2.890300 2.112196 0.022335 3.509058 4.194136 4.902622 5.599675 6.339434 6.976717 7.684919 8.430389 9.120949 9.822518 10.490253 11.220226 11.900038 12.599884 13.311612 14.012345 14.675251 15.448116 16.078278 16.774430 
0.419145 0.287948 5.857543 0.087931 3.509053 4.194001 4.902664 5.599656 6.338502 6.976862 7.684910 8.430369 9.120976 9.822412 10.489823 11.219124 11.900104 12.599907 13.311506 14.009543 14.674735 15.374040 16.078440 16.778264 
0.083276 3.878256 2.254100 0.068318 3.509272 4.193997 4.902621 5.599696 6.338524 6.976855 7.685457 8.427731 9.120806 9.822512 10.490079 11.219605 11.900015 12.599858 13.311482 14.012263 14.676850 15.374521 16.078313 16.778177 
0.049990 3.794279 2.672778 0.138991 3.509272 4.194002 4.902618 5.599681 6.338524 6.976860 7.685456 8.429186 9.121007 9.822400 10.490143 11.219656 11.900102 12.599869 13.311497 14.012252 14.675264 15.374534 16.078364 16.778175 
0.045343 3.940268 2.557321 0.138991 3.509272 4.194002 4.902618 5.599681 6.338526 6.976852 7.685456 8.428891 9.120933 9.822518 10.490143 11.219655 11.900104 12.599869 13.311497 14.011766 14.675261 15.374578 16.078364 16.778175 
0.419158 3.861156 5.942034 0.041738 3.509056 4.194137 4.902666 5.599680 6.339419 6.976855 7.685497 8.427752 9.120862 9.822511 10.489904 11.220048 11.900102 12.599908 13.311497 14.011811 14.674735 15.374040 16.078507 16.778380 
0.346125 3.861483 0.635603 0.094166 3.509273 4.194002 4.902642 5.599680 6.338512 6.976848 7.685491 8.427790 9.120810 9.822511 10.490142 11.220050 11.900105 12.600956 13.311486 14.012277 14.675256 15.373684 16.076124 16.774522 
0.035093 1.142633 2.322925 0.042032 3.509045 4.194140 4.902617 5.599696 6.338486 6.976871 7.685517 8.429185 9.120804 9.822512 10.490131 11.220200 11.900102 12.599874 13.311613 14.012333 14.674459 15.448527 16.078270 16.778225 
0.174098 3.961835 2.260839 0.021958 3.509270 4.193997 4.902622 5.599696 6.338583 6.976860 7.685516 8.428893 9.120942 9.822401 10.490131 11.219077 11.900102 12.599869 13.311497 14.011856 14.675047 15.374157 16.078366 16.778239 
0.083031 0.549466 2.253568 0.140865 3.509272 4.194144 4.902663 5.599696 6.338535 6.976855 7.685523 8.429074 9.121013 9.822512 10.490141 11.219605 11.900015 12.599858 13.311482 14.011861 14.676850 15.374521 16.078310 16.778177 
0.083031 0.722432 2.338339 0.095620 3.509272 4.194138 4.902663 5.599679 6.338535 6.976853 7.685537 8.429079 9.121009 9.822512 10.490141 11.219612 11.900015 12.599901 13.311617 14.011858 14.675260 15.374518 16.078292 16.778147 
0.173222 0.244245 4.469560 0.021953 3.509270 4.193997 4.902616 5.599697 6.338584 6.976849 7.685527 8.428893 9.120951 9.822511 10.490293 11.219611 11.900105 12.599899 13.311497 14.011769 14.675089 15.447840 16.078249 16.778275 
0.729041 0.388634 2.163310 0.084951 3.509034 4.193999 4.902617 5.599674 6.338520 6.976852 7.684970 8.431366 9.120990 9.822511 10.490035 11.219633 11.900107 12.600898 13.311510 14.012267 14.675255 15.374037 16.076148 16.774430 
0.287707 0.791566 4.101369 0.095247 3.509554 4.193998 4.902620 5.599679 6.338525 6.976845 7.684948 8.427894 9.120990 9.822511 10.502400 11.220022 11.900108 12.599870 13.311496 14.011763 14.674599 15.374034 16.075620 16.774520 
0.743019 0.386416 2.343573 0.028161 3.509260 4.193996 4.902666 5.599675 6.338535 6.976860 7.684947 8.431366 9.120994 9.822511 10.490133 11.219633 11.900107 12.599867 13.311506 14.012299 14.675255 15.374037 16.076181 16.774519 
0.083032 0.719582 0.357784 0.140317 3.509045 4.194138 4.902665 5.599679 6.338535 6.976855 7.685505 8.427727 9.121005 9.822512 10.490145 11.219612 11.900015 12.599858 13.311497 14.011762 14.675258 15.374042 16.078290 16.778282 
0.083031 0.722432 2.338339 0.095620 3.509272 4.194138 4.902663 5.599679 6.338535 6.976853 7.685537 8.429079 9.121012 9.822512 10.490142 11.219612 11.900015 12.599901 13.311615 14.011858 14.675260 15.374519 16.078292 16.778271 
0.420474 2.890300 2.344213 0.022335 3.509262 4.194136 4.902618 5.599679 6.339301 6.976854 7.684919 8.430389 9.120949 9.822518 10.490253 11.220226 11.900014 12.599858 13.311614 14.012345 14.675251 15.448116 16.078292 16.774430 
0.090484 0.144617 4.313826 0.103344 3.509272 4.194139 4.902616 5.599681 6.338526 6.976852 7.686810 8.427265 9.120933 9.822511 10.490140 11.219527 11.900104 12.599854 13.311497 14.012267 14.675256 15.373959 16.075644 16.774515 
0.090484 0.144617 4.313826 0.103344 3.509272 4.194139 4.902616 5.599681 6.338526 6.976852 7.686810 8.427265 9.120933 9.822511 10.490140 11.219527 11.900104 12.599854 13.311497 14.012267 14.675256 15.373959 16.075644 16.774515 
0.419145 0.250127 2.226981 0.041728 3.509267 4.194001 4.902664 5.599656 6.338522 6.976862 7.684910 8.430362 9.120800 9.822412 10.490132 11.219103 11.900102 12.599889 13.311506 14.009493 14.674746 15.374040 16.078478 16.778264 
0.076626 0.710298 2.512700 0.022448 3.509030 4.194139 4.902622 5.599696 6.338526 6.976872 7.685517 8.428980 9.120945 9.822527 10.490141 11.220197 11.900102 12.599874 13.311610 14.012333 14.674404 15.373858 16.078434 16.778201 
0.048620 3.940268 2.557321 0.138991 3.509272 4.194002 4.902618 5.599681 6.338524 6.976860 7.685456 8.428891 9.120951 9.822518 10.490143 11.219655 11.900102 12.599869 13.311497 14.011766 14.675089 15.374534 16.078364 16.778175 
0.090484 0.144617 4.313826 0.103344 3.509272 4.194139 4.902616 5.599681 6.338526 6.976852 7.686810 8.427265 9.120933 9.822511 10.490140 11.219527 11.900104 12.599854 13.311497 14.012267 14.675256 15.373959 16.075644 16.774515 
0.088918 0.330912 5.578684 0.006244 3.509055 4.194130 4.902663 5.599698 6.338488 6.976873 7.684914 8.430376 9.120790 9.822518 10.490132 11.219612 11.900102 12.599873 13.311612 14.012345 14.675157 15.448318 16.078405 16.778175 
0.115181 1.099480 4.313826 0.065345 3.509045 4.194139 4.902617 5.599681 6.338519 6.976852 7.686810 8.427265 9.120933 9.822511 10.490140 11.220074 11.900102 12.599854 13.311497 14.012267 14.675256 15.373959 16.076087 16.774515 
0.083031 0.711394 2.340113 0.139584 3.509272 4.193997 4.902665 5.599696 6.338535 6.976855 7.685523 8.427727 9.120934 9.822512 10.490141 11.219612 11.900015 12.599858 13.311497 14.011858 14.675258 15.374521 16.078309 16.778177 
0.083102 2.965703 0.314497 0.042499 3.509048 4.194135 4.902621 5.599682 6.338508 6.976855 7.685514 8.429037 9.120802 9.822511 10.490183 11.219013 11.900106 12.599860 13.311609 14.012242 14.675255 15.374041 16.076147 16.774516 
0.419145 0.945283 2.185883 0.041728 3.509267 4.194142 4.902664 5.599654 6.338522 6.976859 7.684910 8.430362 9.120800 9.822412 10.490132 11.219103 11.900102 12.599889 13.311506 14.009493 14.674746 15.374040 16.078478 16.778264 
0.082942 0.330912 2.387002 0.004547 3.509055 4.194138 4.902663 5.599698 6.338488 6.976856 7.684914 8.430376 9.120790 9.822518 10.490132 11.219612 11.900100 12.599873 13.311612 14.012340 14.675156 15.448318 16.078405 16.778175 
0.086719 0.653434 2.404000 0.087228 3.509047 4.194002 4.902666 5.599656 6.338458 6.976872 7.685524 8.428989 9.120809 9.822518 10.490148 11.219068 11.900108 12.599889 13.311509 14.009527 14.675179 15.374044 16.078441 16.778269 
0.083031 0.722432 2.340113 0.095620 3.509272 4.194138 4.902663 5.599679 6.338535 6.976711 7.685537 8.429079 9.121009 9.822512 10.490142 11.219612 11.900015 12.599901 13.311616 14.011858 14.675257 15.374518 16.078292 16.778147 
0.416503 0.309896 2.263194 0.041564 3.509273 4.194004 4.902622 5.599655 6.338524 6.976860 7.685516 8.429186 9.120799 9.822512 10.490131 11.219146 11.900102 12.599869 13.311482 14.011855 14.676871 15.373941 16.078366 16.778240 
0.284173 3.610152 0.062287 0.095392 3.509270 4.193997 4.902616 5.599655 6.338507 6.976876 7.685505 8.431302 9.120948 9.822512 10.489807 11.219637 11.900106 12.599837 13.311501 14.011857 14.675157 15.376008 16.076293 16.774522 
0.083031 0.711394 2.253568 0.139584 3.509272 4.193997 4.902665 5.599696 6.338535 6.976855 7.685523 8.427727 9.120806 9.822512 10.490141 11.219605 11.900015 12.599858 13.311482 14.012345 14.676850 15.374521 16.078310 16.778177 
0.419145 0.250127 2.216773 0.087238 3.509271 4.194001 4.902664 5.599656 6.338522 6.976862 7.684910 8.430362 9.120976 9.822412 10.490132 11.219124 11.900104 12.599909 13.311506 14.009493 14.674735 15.374040 16.078440 16.778264 
0.054185 3.966097 2.261725 0.067211 3.509272 4.194137 4.902622 5.599681 6.338524 6.976718 7.685456 8.429196 9.120801 9.822516 10.490253 11.219656 11.900102 12.599869 13.311497 14.012247 14.675264 15.373941 16.078364 16.778175 
0.099907 0.946456 2.185923 0.022750 3.509058 4.194142 4.902621 5.599695 6.338502 6.976717 7.684919 8.430401 9.120949 9.822512 10.490253 11.219086 11.900105 12.599887 13.311612 14.012345 14.675146 15.447849 16.078441 16.778216 
0.049990 3.961835 2.263194 0.022672 3.509272 4.194002 4.902622 5.599696 6.338524 6.976860 7.685516 8.429186 9.120942 9.822400 10.490131 11.219077 11.900102 12.599869 13.311500 14.011856 14.674382 15.373941 16.078366 16.778239 
0.405868 1.113801 2.274263 0.025835 3.509050 4.194151 4.902617 5.599699 6.338533 6.976854 7.685016 8.431356 9.120798 9.822511 10.490270 11.219651 11.900108 12.599900 13.311487 14.012299 14.675163 15.374055 16.076151 16.774429 
0.099907 0.946456 2.185923 0.022750 3.509058 4.194142 4.902621 5.599695 6.338502 6.976717 7.684919 8.430401 9.120949 9.822512 10.490253 11.219086 11.900105 12.599887 13.311612 14.012345 14.675146 15.447849 16.078441 16.778216 
0.173222 0.251041 4.320495 0.067920 3.509270 4.193997 4.902616 5.599697 6.338488 6.976852 7.685509 8.428893 9.120950 9.822511 10.490293 11.219605 11.900105 12.599899 13.311497 14.011769 14.675089 15.449421 16.078413 16.778285 
0.083835 0.209159 2.380296 0.031735 3.509272 4.193998 4.902616 5.599697 6.338514 6.976848 7.685523 8.427739 9.120934 9.822512 10.490145 11.219622 11.900105 12.599899 13.311497 14.011762 14.675089 15.374157 16.078247 16.778285 
0.050145 1.608232 2.657836 0.038202 3.509045 4.194134 4.902620 5.599696 6.338510 6.976714 7.685455 8.429165 9.120807 9.822527 10.490126 11.220188 11.900102 12.599877 13.311498 14.012333 14.675263 15.448840 16.078363 16.778171 
0.083845 0.203918 2.380296 0.031735 3.509272 4.193997 4.902616 5.599697 6.338514 6.976848 7.685523 8.427739 9.120930 9.822512 10.490141 11.219622 11.900105 12.599897 13.311482 14.012369 14.676876 15.374512 16.078247 16.778280 
0.173918 0.250051 4.320495 0.000718 3.509264 4.194130 4.902616 5.599697 6.338488 6.976872 7.685509 8.428895 9.120950 9.822511 10.490293 11.219605 11.900105 12.599901 13.311497 14.011769 14.675089 15.449421 16.078413 16.778285 
0.286809 0.710298 2.512700 0.094211 3.509030 4.194139 4.902622 5.599696 6.338538 6.976872 7.685509 8.428980 9.120944 9.822527 10.490141 11.220043 11.900102 12.599874 13.311610 14.012333 14.674424 15.373858 16.078434 16.778201 
0.173918 0.251009 4.320495 0.000718 3.509264 4.194130 4.902616 5.599697 6.338488 6.976872 7.685509 8.428895 9.120950 9.822511 10.490293 11.219605 11.900105 12.599901 13.311497 14.011769 14.675089 15.449422 16.078413 16.778285 
0.083031 3.842622 2.323828 0.139663 3.509058 4.193997 4.902665 5.599681 6.338533 6.976856 7.685497 8.427730 9.120938 9.822398 10.490142 11.220057 11.900016 12.599869 13.311497 14.011810 14.675244 15.374517 16.078302 16.778374 
0.174854 0.240836 2.340113 0.139584 3.509272 4.193997 4.902664 5.599696 6.338535 6.976855 7.685523 8.427708 9.120933 9.822512 10.490147 11.219612 11.900015 12.599858 13.311497 14.011857 14.675258 15.374521 16.078252 16.778281 
0.173222 0.251041 4.320495 0.031466 3.509270 4.193997 4.902616 5.599697 6.338514 6.976849 7.685508 8.428893 9.120951 9.822511 10.490293 11.219605 11.900105 12.599899 13.311497 14.011769 14.675089 15.449234 16.078249 16.778285 
0.083031 0.722432 2.340113 0.139207 3.509272 4.194138 4.902665 5.599679 6.338535 6.976853 7.685537 8.427727 9.121009 9.822512 10.490141 11.219612 11.900015 12.599902 13.311494 14.011858 14.675258 15.374521 16.078292 16.778186 
0.356385 0.793679 4.099931 0.095230 3.509265 4.193998 4.902667 5.599706 6.338525 6.976860 7.685461 8.427744 9.120806 9.822511 10.502400 11.219066 11.900105 12.599829 13.311607 14.011859 14.674618 15.375344 16.076120 16.774376 
0.345853 3.908927 0.567583 0.051485 3.509272 4.194128 4.902665 5.599655 6.338527 6.976665 7.686814 8.427826 9.120806 9.822511 10.490140 11.219063 11.900104 12.599870 13.311497 14.012300 14.675257 15.373690 16.075645 16.774515 
0.809986 0.280487 2.252012 0.022448 3.509270 4.194142 4.902661 5.599705 6.339413 6.976715 7.685517 8.428941 9.120805 9.822512 10.490096 11.220235 11.900105 12.599874 13.311482 14.012344 14.676861 15.375273 16.078270 16.778203 
0.087212 0.653434 2.404000 0.088830 3.509047 4.194002 4.902666 5.599698 6.338459 6.976872 7.685524 8.428989 9.120808 9.822519 10.490148 11.219068 11.900108 12.599889 13.311509 14.012346 14.675179 15.375040 16.078291 16.778269 
0.083031 0.722432 2.340113 0.139207 3.509272 4.194138 4.902665 5.599679 6.338535 6.976855 7.685537 8.427723 9.121009 9.822512 10.490141 11.219612 11.900106 12.599858 13.311497 14.011858 14.675258 15.374521 16.078292 16.778186 
0.083031 0.722432 2.340113 0.139207 3.509272 4.194138 4.902665 5.599679 6.338535 6.976855 7.685537 8.427727 9.121009 9.822512 10.490141 11.219612 11.900015 12.599858 13.311497 14.011858 14.675258 15.374521 16.078292 16.778186 
0.083031 0.255862 2.253568 0.139584 3.509272 4.194149 4.902661 5.599696 6.338550 6.976855 7.685523 8.427727 9.120805 9.822512 10.490095 11.219610 11.900104 12.599874 13.311482 14.012345 14.676861 15.374521 16.078269 16.778176 
0.396312 0.597866 2.272945 0.104180 3.509274 4.194139 4.902618 5.599661 6.338509 6.976857 7.685013 8.431520 9.120963 9.822513 10.490122 11.219070 11.900105 12.599863 13.311507 14.011748 14.675181 15.376455 16.075637 16.774519 
0.083032 0.719986 2.340113 0.026746 3.509272 4.194138 4.902665 5.599679 6.338535 6.976855 7.685523 8.427727 9.121008 9.822512 10.490145 11.219612 11.900015 12.599858 13.311497 14.011762 14.675258 15.374521 16.078292 16.778282 
0.738166 0.388634 2.162050 0.084951 3.509057 4.194000 4.902621 5.599674 6.338520 6.976860 7.684970 8.431366 9.120990 9.822401 10.490035 11.219633 11.900107 12.599877 13.311510 14.012294 14.675244 15.374037 16.076181 16.774430 
0.346125 3.861483 0.635603 1.926841 3.509030 4.194002 4.902669 5.599655 6.338512 6.976846 7.685496 8.427786 9.120806 9.822511 10.490142 11.220050 11.900105 12.600956 13.311510 14.012276 14.675256 15.373684 16.076124 16.774522 
0.363169 0.240732 4.445727 0.106873 3.509246 4.193997 4.902643 5.599652 6.338520 6.976847 7.685491 8.427789 9.120941 9.822509 10.490084 11.219050 11.900105 12.599828 13.311607 14.011858 14.675264 15.374056 16.076123 16.774514 
0.419145 0.250127 2.216773 0.257772 3.509272 4.194001 4.902664 5.599696 6.338522 6.976862 7.685536 8.430362 9.120980 9.822412 10.490141 11.219124 11.900106 12.599908 13.311506 14.009493 14.676866 15.374040 16.078440 16.778264 
0.083827 3.954911 2.332933 0.068318 3.509272 4.193997 4.902621 5.599696 6.338538 6.976855 7.685457 8.427730 9.120806 9.822508 10.490081 11.219058 11.900016 12.599916 13.311497 14.012263 14.676904 15.374521 16.078260 16.778227 
0.034705 3.941966 2.333136 0.070321 3.509266 4.193997 4.902626 5.599696 6.338539 6.976855 7.685456 8.427733 9.120797 9.822396 10.490084 11.219087 11.900015 12.599858 13.311494 14.012263 14.676854 15.448507 16.078405 16.778033 
1.999959 2.707554 5.780520 0.004664 3.509057 4.194134 4.902616 5.599697 6.339411 6.976845 7.685000 8.430578 9.120964 9.822511 10.490610 11.219137 11.900105 12.600911 13.311497 14.012307 14.675254 15.446901 16.076149 16.774306 
1.999963 2.707554 5.782904 0.004664 3.509057 4.194134 4.902616 5.599697 6.339411 6.976845 7.685000 8.430578 9.120964 9.822511 10.490610 11.219137 11.900105 12.600911 13.311497 14.012307 14.675247 15.446901 16.076149 16.774306 
1.999962 3.578319 5.928932 0.004664 3.509057 4.194134 4.902616 5.599697 6.339411 6.976845 7.685000 8.430578 9.120964 9.822509 10.490610 11.219137 11.900105 12.600911 13.311497 14.012328 14.675247 15.446901 16.076149 16.774306 
1.999963 3.578119 5.937420 0.004664 3.509057 4.194134 4.902616 5.599694 6.339411 6.976845 7.685000 8.430578 9.120964 9.822509 10.490610 11.219137 11.900105 12.600911 13.311497 14.012307 14.675247 15.446901 16.076149 16.774306 
1.999967 0.618305 4.952483 0.022509 3.509064 4.194136 4.902664 5.599696 6.338536 6.976715 7.684913 8.429187 9.120803 9.822511 10.490116 11.219635 11.900108 12.599941 13.311612 14.012345 14.675156 15.447831 16.078394 16.778216 
1.999960 1.060909 5.661368 0.022478 3.509056 4.194150 4.902664 5.599696 6.338488 6.976872 7.685004 8.430972 9.120947 9.822511 10.490132 11.220025 11.900111 12.599888 13.311612 14.012322 14.673769 15.448655 16.076202 16.778277 
1.999841 0.031831 3.999317 0.141902 3.509062 4.194126 4.902622 5.599655 6.339414 6.976853 7.685528 8.429125 9.121013 9.822513 10.490309 11.219077 11.900102 12.599901 13.311612 14.011858 14.675260 15.374544 16.078403 16.778147 
1.997365 0.646382 0.474822 0.022478 3.509056 4.194150 4.902666 5.599696 6.338486 6.976872 7.684914 8.430972 9.120794 9.822518 10.490133 11.219610 11.900111 12.599888 13.311612 14.012345 14.675135 15.447757 16.078392 16.778206 
1.999734 1.632852 4.403052 0.012620 3.509058 4.194136 4.902663 5.599698 6.338476 6.976869 7.684913 8.429144 9.120811 9.822513 10.489976 11.219624 11.900118 12.600736 13.311612 14.012330 14.674427 15.449685 16.078377 16.772854 
1.999889 1.288608 3.923841 0.022477 3.509272 4.193997 4.902622 5.599695 6.339687 6.961254 7.685522 8.429145 9.120949 9.822517 10.503905 11.219629 11.900160 12.599849 13.312396 14.011925 14.675165 15.449377 16.078388 16.778230 
1.976825 0.048479 3.924267 0.028867 3.509059 4.194131 4.902620 5.599700 6.338525 6.976868 7.684924 8.430504 9.120950 9.822511 10.490257 11.219639 11.900108 12.600898 13.311611 14.012322 14.674434 15.449475 16.078398 16.778152 
1.999717 0.797791 0.458417 0.079860 3.509058 4.194150 4.902666 5.599696 6.338520 6.976873 7.684924 8.430967 8.870139 9.822513 10.490098 11.218451 11.900117 12.600891 13.311612 14.012322 14.674443 15.447747 16.075683 16.778277 
1.999841 0.031831 3.999317 0.095335 3.509061 4.194130 4.902622 5.599655 6.339414 6.976713 7.686862 8.429124 9.120413 9.822511 10.490310 11.219077 11.900104 12.599901 13.311615 14.011730 14.675165 15.374038 16.078404 16.778147 
1.997407 1.028322 4.443775 0.065238 3.509042 4.194133 4.902666 5.599696 6.339408 6.976869 7.684913 8.428239 9.120950 9.822511 10.489913 11.220083 11.900102 12.599888 13.311406 14.012229 14.675119 15.447763 16.076077 16.774540 
1.999023 0.768614 0.451493 0.025726 3.508281 4.194134 4.902621 5.599687 6.339408 6.976713 7.684912 8.429124 9.120951 9.822513 10.490355 11.220180 11.900105 12.600877 13.311612 14.011881 14.674736 15.376877 16.078402 16.774381 
1.999977 0.032663 3.924221 0.028867 3.509052 4.194150 4.902621 5.599695 6.338503 6.976861 7.684924 8.430514 9.120950 9.822513 10.490256 11.219110 11.900104 12.600897 13.311612 14.012323 14.674430 15.449475 16.078443 16.778216 
1.999786 1.039293 3.894684 0.022456 3.509059 4.194150 4.902666 5.599696 6.338468 6.976730 7.684924 8.429165 9.120794 9.822518 10.490119 11.219629 11.899895 12.599934 13.311611 14.011873 14.674431 15.451442 16.078378 16.778207 
1.999977 0.915731 0.418198 0.079584 3.509273 4.194126 4.902618 5.599654 6.338520 6.976730 7.685526 8.430501 9.120951 9.822494 10.490110 11.218364 11.900102 12.599898 13.311612 14.011891 14.675259 15.447663 16.075666 16.778147 
1.999977 0.032663 3.924221 0.028867 3.509052 4.194150 4.902621 5.599695 6.338503 6.976861 7.684924 8.430514 9.120950 9.822513 10.490256 11.219110 11.900104 12.600907 13.311612 14.012345 14.674430 15.449475 16.078396 16.778216 
1.999734 1.632852 4.443696 0.020745 3.509058 4.194136 4.902620 5.599698 6.339413 6.976869 7.684945 8.429144 9.120959 9.822513 10.489976 11.219624 11.899895 12.600731 13.311612 14.012330 14.674439 15.450379 16.078378 16.772854 
1.999960 0.338242 5.850219 0.028832 3.509049 4.194153 4.902617 5.599698 6.338488 6.976872 7.686786 8.429169 9.120951 9.822402 10.490132 11.219617 11.900112 12.599888 13.311611 14.012346 14.675157 15.449685 16.078392 16.778344 
1.999977 1.053302 5.665998 0.022478 3.509056 4.194150 4.902666 5.599696 6.338520 6.976872 7.684914 8.430967 9.120955 9.822511 10.490250 11.220070 11.900111 12.599888 13.311612 14.012322 14.675119 15.447747 16.078439 16.778277 
1.977234 0.032013 3.924221 0.028867 3.509056 4.194130 4.902621 5.599649 6.338525 6.976867 7.684912 8.430520 9.120950 9.822513 10.490250 11.219070 11.900102 12.600897 13.311612 14.012322 14.675166 15.449465 16.078442 16.778149 
1.999977 0.616799 3.896260 0.028867 3.509059 4.194150 4.902666 5.599700 6.338539 6.976868 7.684924 8.429153 9.120948 9.822511 10.489969 11.219639 11.900108 12.599941 13.311611 14.012345 14.674434 15.449475 16.078396 16.778216 
1.997365 0.637400 0.474822 0.024098 3.509056 4.194150 4.902666 5.599697 6.338486 6.976869 7.684914 8.430972 9.120804 9.822518 10.490133 11.219610 11.900109 12.599880 13.311612 14.012335 14.675127 15.447757 16.078392 16.778280 
1.997092 0.346267 0.131812 0.042295 3.509052 4.194146 4.902664 5.599697 6.338488 6.976696 7.684924 8.428854 9.120804 9.822513 10.490024 11.219092 11.900101 12.599880 13.311494 14.012335 14.674421 15.373334 16.078394 16.778278 
1.997092 0.022638 4.082064 0.042295 3.509060 4.194147 4.902663 5.599697 6.338488 6.976697 7.686931 8.428855 9.120804 9.822513 10.490024 11.219092 11.900104 12.599901 13.311494 14.011735 14.675186 15.373334 16.078404 16.778278 
1.999325 0.653434 2.404000 0.031863 3.509047 4.194136 4.902667 5.599698 6.339410 6.976869 7.685501 8.429022 9.120958 9.822519 10.489974 11.219638 11.899901 12.599858 13.311613 14.012346 14.675179 15.376174 16.078293 16.778189 
1.999960 0.431637 5.679196 0.002579 3.509264 4.194146 4.902664 5.599696 6.338525 6.976715 7.685005 8.430998 9.120986 9.822513 10.490255 11.220022 11.900107 12.599899 13.311609 14.011725 14.674518 15.449688 16.078387 16.778310 
1.997365 0.634608 0.474822 0.095221 3.509060 4.194150 4.902666 5.599696 6.338486 6.976872 7.684914 8.430972 9.120794 9.822518 10.490133 11.219082 11.900102 12.599888 13.311612 14.012345 14.675135 15.447757 16.078392 16.778205 
1.999960 0.337132 5.661368 0.022478 3.509056 4.194150 4.902664 5.599696 6.338488 6.976872 7.684914 8.430972 9.120796 9.822513 10.490132 11.219617 11.900111 12.599888 13.311612 14.012322 14.674479 15.449685 16.078392 16.778277 
1.999721 0.429507 0.455699 0.002579 3.509264 4.194146 4.902664 5.599696 6.338527 6.976715 7.685005 8.430998 9.120953 9.822513 10.490255 11.218320 11.900107 12.600842 13.311604 14.011726 14.674518 15.449688 16.078387 16.778259 
1.999977 0.616799 3.823995 0.028867 3.509042 4.194150 4.902666 5.599695 6.338525 6.976868 7.684924 8.430514 9.120950 9.822513 10.490117 11.219114 11.900103 12.600946 13.311612 14.012345 14.675167 15.449475 16.078396 16.778216 
1.999997 0.337132 0.473559 0.022509 3.509042 4.194150 4.902669 5.599696 6.338491 6.976868 7.684914 8.430972 9.120954 9.822513 10.490132 11.219617 11.900111 12.599888 13.311612 14.012345 14.674479 15.449685 16.078392 16.778206 
1.999841 0.031831 3.999317 0.095488 3.509060 4.194130 4.902622 5.599655 6.339414 6.976713 7.684912 8.429124 9.120415 9.822513 10.490309 11.219077 11.900102 12.599901 13.311612 14.011730 14.675166 15.374039 16.078403 16.778147 
1.999966 1.039497 3.999317 0.095862 3.509060 4.194130 4.902664 5.599655 6.338491 6.976712 7.684912 8.429124 9.120428 9.822513 10.490312 11.220008 11.900102 12.599901 13.311612 14.011734 14.675163 15.450402 16.078403 16.778147 
1.999959 0.294259 2.188053 0.312961 3.509055 4.194128 4.902622 5.599686 6.339439 6.976714 7.717500 8.427257 9.120799 9.822511 10.490134 11.220216 11.900104 12.600919 13.311612 14.012384 14.674735 15.372318 16.076182 16.774333 
1.998791 0.834694 3.845001 0.025077 3.509044 4.194151 4.902618 5.599699 6.338490 6.976874 7.684922 8.427796 9.120872 9.822513 10.490256 11.219115 11.900102 12.599774 13.311613 14.012346 14.675157 15.374147 16.075611 16.774640 
1.997360 0.634608 0.474822 0.095221 3.509060 4.194151 4.902666 5.599696 6.338486 6.976872 7.684914 8.431019 9.120791 9.822518 10.490133 11.219114 11.900102 12.599888 13.311612 14.012345 14.675157 15.447757 16.078318 16.778205 
1.999977 0.114274 3.924221 0.028867 3.509052 4.194150 4.902621 5.599649 6.338503 6.976717 7.684912 8.430514 9.120950 9.822513 10.490250 11.219110 11.900102 12.600897 13.311612 14.012323 14.675166 15.449475 16.078442 16.778147 
1.995880 0.246667 3.932112 0.089544 3.509542 4.194002 4.902667 5.599746 6.339433 6.976877 7.684914 8.430561 9.120966 9.822502 10.490280 11.220048 11.900106 12.600642 13.311611 14.011883 14.674926 15.448612 16.076141 16.774453 
1.999960 0.337132 3.979846 0.022478 3.509040 4.194151 4.902669 5.599696 6.338480 6.976872 7.685006 8.430389 9.120796 9.822513 10.490132 11.219617 11.899893 12.599890 13.311612 14.011729 14.673791 15.449685 16.078389 16.778250 
1.999885 1.036007 3.894684 0.022456 3.509059 4.194135 4.902668 5.599696 6.339300 6.976730 7.684924 8.429165 9.120803 9.822511 10.490119 11.219629 11.899895 12.599935 13.311611 14.011873 14.674431 15.373307 16.078377 16.778278 
1.997280 0.621246 3.920411 0.025329 3.509257 4.194135 4.902618 5.599696 6.338535 6.976715 7.684924 8.430822 9.120958 9.822511 10.490116 11.219121 11.900108 12.599941 13.311612 14.012344 14.675141 15.372869 16.078388 16.778048 
1.999841 0.031831 3.999317 0.095488 3.509060 4.194130 4.902622 5.599655 6.339414 6.976713 7.684912 8.429124 9.120415 9.822513 10.490309 11.219077 11.900102 12.599901 13.311612 14.011730 14.675166 15.374039 16.078403 16.778147 
1.999995 0.615400 3.777073 0.022509 3.509042 4.194146 4.902669 5.599695 6.338527 6.976868 7.684914 8.430323 9.120952 9.822513 10.490132 11.219604 11.900111 12.600948 13.311612 14.012350 14.674479 15.449685 16.078372 16.778206 
1.998791 0.834694 3.996704 0.025079 3.509044 4.194151 4.902618 5.599699 6.339453 6.976716 7.684922 8.427796 9.120872 9.822513 10.490254 11.219115 11.900102 12.599774 13.311613 14.012291 14.675174 15.374147 16.075611 16.774514 
1.999579 0.233659 0.451776 0.037983 3.509027 4.194131 4.902667 5.599694 6.338539 6.976716 7.684957 8.430581 9.120872 9.822518 10.504238 11.220184 11.900167 12.600737 13.311612 14.011844 14.674426 15.372311 16.075644 16.774521 
1.999959 0.615400 3.777073 0.022509 3.509042 4.194146 4.902669 5.599696 6.338481 6.976868 7.684914 8.430323 9.120952 9.822513 10.490132 11.219604 11.900111 12.600948 13.311612 14.012350 14.674479 15.449685 16.078372 16.778206 
1.999960 0.613790 3.837561 0.024153 3.509055 4.194150 4.902667 5.599698 6.338488 6.976872 7.684914 8.430967 9.120808 9.822511 10.490132 11.219117 11.900111 12.599860 13.311612 14.012346 14.675157 15.449683 16.078392 16.778216 
1.999960 0.341210 5.661368 0.024153 3.509055 4.194150 4.902664 5.599698 6.338488 6.976872 7.684914 8.430972 9.120803 9.822511 10.490132 11.219635 11.900111 12.599889 13.311612 14.012346 14.675157 15.449685 16.078392 16.778205 
1.999959 3.426141 0.704497 0.029494 3.509019 4.194141 4.902668 5.599699 6.339408 6.976628 7.685512 8.428192 9.120923 9.822428 10.490003 11.220090 11.900183 12.599914 13.311746 14.011800 14.674384 15.450052 16.075634 16.774676 
1.999603 2.334259 3.969027 0.134173 3.509052 4.194143 4.902661 5.599697 6.339463 6.976857 7.685000 8.427317 9.120965 9.822501 10.490096 11.219075 11.900017 12.600918 13.311498 14.011784 14.674719 15.449807 16.075479 16.774514 
1.997649 2.006872 5.630460 0.058900 3.509052 4.194001 4.902617 5.600229 6.340196 6.973512 7.684918 8.430457 9.120970 9.824024 10.490134 11.219078 11.900180 12.599798 13.315225 14.012336 14.674919 15.450317 16.078022 16.778143 
1.999631 2.330554 3.968467 0.010786 3.509057 4.194143 4.902642 5.599697 6.339411 6.976862 7.684999 8.430465 9.120965 9.822501 10.490135 11.219136 11.900309 12.599821 13.311610 14.011796 14.674398 15.449136 16.075490 16.774514 
1.999601 2.006872 5.633869 0.058900 3.509036 4.194001 4.902620 5.599691 6.339404 6.976700 7.685530 8.430457 9.120978 9.824024 10.490134 11.219078 11.900110 12.599778 13.311611 14.012335 14.674714 15.454119 16.076111 16.778143 
1.997630 2.006832 5.633869 0.059219 3.508221 4.194001 4.903098 5.600228 6.340196 6.977091 7.684918 8.430980 9.120948 9.823998 10.490143 11.219416 11.904706 12.599778 13.315140 14.012001 14.674928 15.452048 16.078055 16.778088 
1.999622 2.334256 3.979892 0.010849 3.509052 4.194130 4.902620 5.599697 6.338533 6.976704 7.685523 8.429117 9.120967 9.822513 10.490147 11.219070 11.900299 12.599878 13.311612 14.012297 14.674719 15.373473 16.078312 16.774480 
1.999959 2.663576 5.780520 0.004664 3.509057 4.194150 4.902642 5.599697 6.339411 6.976868 7.685000 8.430578 9.120965 9.822501 10.490601 11.219137 11.900109 12.600911 13.311612 14.012306 14.674728 15.449136 16.075645 16.774306 
1.998172 2.334259 4.007191 0.006364 3.509052 4.194134 4.902661 5.599697 6.338531 6.976857 7.685525 8.427317 9.120965 9.822513 10.490096 11.219075 11.900016 12.600918 13.311498 14.012306 14.674719 15.374018 16.076091 16.774462 
1.999959 2.330554 3.979691 0.004664 3.509057 4.194150 4.902642 5.599697 6.339411 6.976863 7.685000 8.430465 9.120965 9.822501 10.490135 11.219137 11.900307 12.600935 13.311610 14.012306 14.674728 15.449136 16.075490 16.774306 
1.998172 2.334259 4.007191 0.132052 3.509052 4.194134 4.902661 5.599697 6.339435 6.976857 7.685525 8.427317 9.120965 9.822513 10.490079 11.219075 11.900016 12.600918 13.311498 14.012335 14.674719 15.374018 16.076091 16.774461 
1.997665 2.334259 4.017147 0.010761 3.509052 4.194130 4.902616 5.599697 6.339414 6.976704 7.684924 8.430465 9.120965 9.822513 10.490256 11.219075 11.900306 12.599846 13.311498 14.011807 14.674719 15.373409 16.075491 16.774484 
1.999596 2.331443 5.637030 0.007811 3.509052 4.194130 4.902616 5.600166 6.338526 6.976845 7.684923 8.430479 9.120965 9.822522 10.490134 11.219049 11.900160 12.599780 13.311498 14.012307 14.674719 15.449367 16.078312 16.774483 
1.999899 2.334188 5.637030 0.006760 3.509052 4.194130 4.902642 5.599697 6.338532 6.976845 7.685523 8.430578 9.120965 9.822500 10.490096 11.219136 11.900160 12.599858 13.311498 14.012306 14.674719 15.449521 16.078312 16.774477 
1.999596 2.334259 4.017630 0.010761 3.509052 4.194130 4.902620 5.599697 6.338532 6.976704 7.685523 8.429117 9.120967 9.822513 10.489835 11.219070 11.900299 12.599838 13.311498 14.011804 14.674719 15.373473 16.078312 16.774483 
1.998172 2.334259 4.007191 0.132052 3.509052 4.194134 4.902661 5.599697 6.339463 6.976857 7.685525 8.427317 9.120965 9.822513 10.490096 11.219075 11.900016 12.600918 13.311498 14.012335 14.674719 15.374018 16.076091 16.774462 
1.999959 2.663576 5.780520 0.004207 3.509057 4.194130 4.902642 5.599697 6.339412 6.976910 7.685000 8.430578 9.120970 9.822500 10.490602 11.219137 11.900109 12.600911 13.311612 14.012306 14.674731 15.449136 16.075645 16.774306 
1.999960 2.150225 4.478315 0.092323 3.509057 4.194130 4.902620 5.599697 6.339412 6.976913 7.685514 8.430393 9.120970 9.822493 10.489833 11.220180 11.900109 12.600936 13.311612 14.011796 14.675107 15.450313 16.076110 16.774438 
1.793280 0.032013 3.916471 0.028040 3.509060 4.194130 4.902623 5.599649 6.338486 6.976867 7.684912 8.430520 9.120794 9.822518 10.490250 11.219082 11.900102 12.600897 13.311612 14.012322 14.675166 15.449465 16.078442 16.778145 
1.190411 0.093289 4.378833 0.018305 3.509060 4.194143 4.902622 5.599682 6.339414 6.976715 7.685514 8.427772 9.120944 9.822513 10.490062 11.220025 11.900105 12.599935 13.311611 14.012335 14.675301 15.373446 16.078434 16.778176 
1.811869 0.427194 5.666039 0.022509 3.509051 4.194146 4.902664 5.599696 6.338481 6.976868 7.684917 8.430323 9.120986 9.822513 10.490132 11.219604 11.900111 12.599876 13.311612 14.011725 14.674519 15.449685 16.078387 16.778206 
1.202220 0.090594 4.722317 0.031498 3.509054 4.193999 4.902616 5.599697 6.339408 6.976715 7.685501 8.428946 9.120974 9.822519 10.490062 11.219620 11.900105 12.599901 13.311609 14.011777 14.675298 15.449756 16.078268 16.778237 
1.202220 0.090587 4.722317 0.031498 3.509054 4.193999 4.902616 5.599697 6.339408 6.976715 7.685501 8.428954 9.120974 9.822519 10.490062 11.219620 11.900105 12.599901 13.311609 14.011777 14.675104 15.447184 16.078268 16.778169 
1.201869 0.086262 4.722317 0.031498 3.509054 4.193999 4.902616 5.599697 6.339408 6.976736 7.685501 8.428954 9.120973 9.822519 10.490099 11.219622 11.900105 12.599900 13.311609 14.011770 14.675100 15.449624 16.078268 16.778169 
1.197797 0.291447 0.103308 0.314377 3.509040 4.194132 4.902665 5.599682 6.339646 6.976709 7.685532 8.431526 9.120801 9.822518 10.490064 11.220066 11.900102 12.599778 13.311617 14.011814 14.675269 15.375222 16.076200 16.774494 
1.999584 3.584229 3.720785 0.053811 3.496668 4.194125 4.902622 5.599546 6.339498 6.976703 7.684925 8.428928 9.120964 9.822648 10.489980 11.218957 11.900107 12.599855 13.311622 14.011721 14.674907 15.374188 16.078293 16.778185 
1.999977 3.761593 0.150117 0.028867 3.509047 4.194150 4.902664 5.599649 6.338488 6.976717 7.684912 8.428847 9.120947 9.822401 10.490262 11.219110 11.900102 12.600836 13.311612 14.012323 14.675166 15.449475 16.078442 16.778424 
1.999586 3.810886 3.708294 0.053811 3.508805 4.194125 4.902622 5.599546 6.339498 6.976703 7.684925 8.430612 9.120990 9.822658 10.490189 11.218957 11.900016 12.599855 13.311622 14.011720 14.674907 15.375218 16.078293 16.778185 
1.999584 3.584229 3.720785 0.053811 3.496668 4.194125 4.902622 5.599546 6.339498 6.976703 7.684925 8.428928 9.120964 9.822648 10.489980 11.218957 11.900107 12.599855 13.311622 14.011721 14.674907 15.374188 16.078293 16.778185 
1.999584 3.584229 3.720785 0.053811 3.496668 4.194125 4.902622 5.599546 6.339498 6.976703 7.684925 8.428928 9.120964 9.822648 10.489980 11.218957 11.900107 12.599855 13.311622 14.011721 14.674907 15.373536 16.078280 16.778185 
1.999510 3.632457 0.526636 0.051286 3.508539 4.194125 4.902621 5.599742 6.339414 6.976736 7.684949 8.430536 9.120967 9.822652 10.492930 11.218958 11.900107 12.600653 13.312403 14.012323 14.674941 15.373956 16.075492 16.778192 
1.997365 3.819013 0.218895 0.022512 3.509051 4.194150 4.902621 5.599696 6.338486 6.976716 7.685434 8.428846 9.120797 9.822400 10.490133 11.219610 11.900100 12.599888 13.311612 14.012345 14.675194 15.374577 16.078392 16.778206 
1.985228 3.929251 0.089855 0.067798 3.509279 4.194136 4.902664 5.599697 6.338489 6.976695 7.685426 8.429096 9.120806 9.822400 10.490263 11.219591 11.899895 12.599869 13.311502 14.012228 14.674421 15.373340 16.078412 16.778419 
1.951434 3.883793 0.220805 0.067798 3.509279 4.194134 4.902664 5.599697 6.338488 6.976696 7.685426 8.428854 9.120804 9.822400 10.490263 11.219092 11.899895 12.599869 13.311502 14.012228 14.674421 15.373334 16.078424 16.778417 
1.910423 3.789480 0.263741 0.107378 3.509525 4.194139 4.902664 5.599931 6.339404 6.976659 7.757450 8.431495 9.121005 9.822511 10.489168 11.219971 11.900024 12.599880 13.311492 14.011870 14.675123 15.449384 16.076188 16.774405 
1.951434 3.883793 0.220805 0.067798 3.509279 4.194134 4.902664 5.599697 6.338488 6.976696 7.685426 8.428854 9.120804 9.822400 10.490263 11.219092 11.899895 12.599869 13.311502 14.012228 14.674421 15.373334 16.078424 16.778417 
1.999650 3.070155 0.275450 0.174969 3.509250 4.194141 4.902665 5.599696 6.338500 6.976850 7.685524 8.428243 9.120972 9.822511 10.490083 11.219654 11.900182 12.599942 13.311506 14.011862 14.674963 15.448812 16.076170 16.774540 
1.999596 1.610396 0.483163 0.084621 3.509050 4.194006 4.902620 5.599698 6.338504 6.976861 7.684970 8.430385 9.120991 9.822513 10.490477 11.219079 11.900107 12.600896 13.311502 14.012301 14.674708 15.374359 16.075612 16.774515 
1.999596 1.610396 0.559998 0.024001 3.509019 4.194006 4.902620 5.599698 6.338504 6.976863 7.684970 8.430385 9.120991 9.822513 10.490445 11.220108 11.900162 12.600928 13.311753 14.011825 14.674696 15.374984 16.075612 16.774515 
1.999947 2.489381 0.450329 0.029434 3.509058 4.194141 4.902669 5.599709 6.339412 6.976637 7.684914 8.430515 9.120923 9.822532 10.503970 11.220064 11.900162 12.600726 13.311611 14.011799 14.674385 15.449641 16.075639 16.774250 
1.999619 1.714365 0.444383 0.023261 3.509241 4.194140 4.902669 5.599709 6.339389 6.976636 7.684903 8.430505 9.120923 9.822533 10.489019 11.220067 11.900177 12.600566 13.311746 14.011803 14.674990 15.450007 16.075618 16.774516 
1.999964 3.046790 0.072670 0.035905 3.509057 4.194141 4.902665 5.599696 6.339446 6.976736 7.685511 8.428243 9.120970 9.822510 10.489910 11.220017 11.900181 12.599942 13.311506 14.011845 14.674963 15.448812 16.075632 16.774540 
1.999650 3.046790 0.071966 0.035905 3.509057 4.194139 4.902665 5.599696 6.339446 6.976736 7.685511 8.428243 9.120972 9.822501 10.489903 11.220014 11.900181 12.599942 13.311506 14.011862 14.674963 15.448812 16.076161 16.774540 
1.999959 3.015473 0.097488 0.005764 3.509057 4.194141 4.902668 5.599700 6.338515 6.976853 7.684904 8.430523 9.120993 9.822511 10.490001 11.220091 11.900102 12.599945 13.311612 14.011846 14.674392 15.449954 16.075648 16.774540 
1.999959 2.982631 0.093114 0.028703 3.509057 4.194141 4.902668 5.599700 6.338515 6.976853 7.684924 8.430523 9.120993 9.822511 10.490001 11.220091 11.900102 12.599945 13.311613 14.011846 14.674963 15.449954 16.075648 16.774540 
1.999992 2.931312 0.325790 0.031078 3.509040 4.194141 4.902669 5.599709 6.339412 6.976830 7.684904 8.429157 9.120949 9.821318 10.502394 11.220079 11.900159 12.600517 13.311612 14.011861 14.674973 15.375639 16.075638 16.774250 
1.999959 3.426141 0.704497 0.029494 3.509019 4.194141 4.902668 5.599699 6.339408 6.976628 7.685512 8.428192 9.120923 9.822428 10.490003 11.220090 11.900183 12.599914 13.311746 14.011800 14.674384 15.450052 16.075634 16.774676 
1.999650 3.061314 0.279234 0.174969 3.509056 4.194139 4.902665 5.599709 6.339412 6.976731 7.685525 8.428240 9.120975 9.822534 10.489903 11.219681 11.900162 12.599939 13.311506 14.011795 14.674966 15.448812 16.076167 16.774538 
1.999650 3.069273 0.279234 0.174969 3.509056 4.194139 4.902665 5.599696 6.339447 6.976736 7.685524 8.428243 9.120972 9.822501 10.489903 11.219654 11.900182 12.599942 13.311506 14.011862 14.674963 15.448812 16.076170 16.774540 
1.999955 2.982824 0.093131 0.029070 3.509247 4.194141 4.902670 5.599700 6.338560 6.976850 7.684924 8.430389 9.120993 9.822511 10.489908 11.220182 11.900102 12.600555 13.311507 14.011846 14.674963 15.449758 16.075639 16.774513 
1.999959 2.984109 0.093131 0.029228 3.509248 4.194141 4.902664 5.599700 6.338551 6.976850 7.684924 8.430494 9.120990 9.822511 10.489908 11.220091 11.900102 12.599907 13.311507 14.011846 14.674963 15.449758 16.075639 16.774513 
1.999959 3.013739 0.512062 0.029228 3.509249 4.194141 4.902664 5.599701 6.338505 6.976850 7.684924 8.430425 9.120990 9.822511 10.490079 11.220091 11.900102 12.599907 13.311507 14.011846 14.674368 15.449758 16.075639 16.774513 
1.999618 1.598582 0.444383 0.029211 3.509241 4.194140 4.902664 5.599700 6.338549 6.976636 7.684924 8.430505 9.120920 9.822533 10.489940 11.220091 11.900177 12.599907 13.311752 14.011846 14.674990 15.450007 16.075618 16.774513 
1.999959 3.015424 0.093131 0.029228 3.509238 4.194141 4.902668 5.599700 6.338505 6.976850 7.684924 8.430494 9.120990 9.822511 10.489908 11.220091 11.900103 12.599946 13.311511 14.011846 14.674953 15.449956 16.075648 16.774513 
1.999959 3.015469 0.093131 0.030941 3.509238 4.194141 4.902668 5.599700 6.338517 6.976850 7.684924 8.430541 9.120991 9.822511 10.489908 11.220091 11.900103 12.600551 13.311509 14.011846 14.674393 15.449956 16.075648 16.774513 
1.999959 2.984072 0.237632 0.029812 3.509057 4.194143 4.902669 5.599709 6.339412 6.976737 7.684900 8.430539 9.120972 9.822511 10.490099 11.219623 11.900108 12.599796 13.311479 14.011801 14.674385 15.449624 16.075639 16.774513 
1.999959 2.984072 0.237632 0.029812 3.509057 4.194143 4.902669 5.599709 6.339412 6.976737 7.684900 8.430539 9.120972 9.822511 10.490099 11.219623 11.900108 12.599796 13.311479 14.011801 14.674385 15.449624 16.075639 16.774513 
1.999959 3.046790 0.234326 0.029616 3.509057 4.194141 4.902665 5.599696 6.339447 6.976736 7.685511 8.428186 9.120970 9.822510 10.490093 11.220017 11.900183 12.599795 13.311506 14.011801 14.674398 15.448812 16.075632 16.774513 
1.999992 2.910875 0.246677 0.021133 3.509040 4.194141 4.902669 5.599709 6.339412 6.976853 7.684900 8.429168 9.120922 9.822591 10.489910 11.220097 11.900159 12.599884 13.311611 14.011846 14.674970 15.446871 16.075638 16.774251 
1.945147 0.834694 3.999912 0.025079 3.509044 4.194151 4.902664 5.599699 6.339412 6.976715 7.684922 8.427796 9.120872 9.822513 10.490254 11.219115 11.900102 12.599774 13.311612 14.012305 14.675174 15.374147 16.075650 16.774524 
1.911058 0.337224 3.948482 0.007568 3.509038 4.194146 4.902664 5.599697 6.338493 6.976697 7.684923 8.428894 9.120804 9.822518 10.490133 11.219621 11.899895 12.599898 13.311612 14.012335 14.674440 15.449622 16.078267 16.778278 
