0.002019 0.002019 0.002020 0.002032 9.989646 
0.002018 0.002018 0.002019 0.430944 7.953321 
0.002027 0.002244 0.244126 0.011168 7.953328 
0.002019 0.002019 0.002649 0.404530 7.953323 
0.002019 0.002019 0.002080 0.331919 8.240807 
0.002019 0.002019 0.004477 0.612912 9.240772 
0.002025 0.002265 0.232936 0.014638 7.953328 
0.002019 0.002019 0.002360 0.427508 7.961715 
0.002019 0.002019 0.002050 0.005502 9.819088 
0.002019 0.002019 0.002360 0.427508 7.961715 
0.002019 0.002109 0.140644 0.037557 8.188879 
0.002019 0.002019 0.002649 0.404530 7.953324 
0.002020 0.002020 0.002026 0.005820 9.819109 
0.002019 0.002019 0.002900 0.311011 8.240808 
0.002019 0.002019 0.002661 0.412231 7.955377 
0.002027 0.002209 0.098631 0.032494 8.854821 
0.002019 0.002019 0.002653 0.420717 7.962217 
0.002020 0.002020 0.002021 0.018956 9.739766 
0.002038 0.002039 0.005307 0.240399 8.601934 
0.002020 0.002020 0.002025 0.002887 9.904683 
0.002020 0.002020 0.002026 0.005820 9.819109 
0.002025 0.002294 0.143512 0.046661 8.025324 
0.002020 0.002020 0.002026 0.005823 9.819088 
0.002020 0.002021 0.002102 0.018182 9.740213 
0.002022 0.002036 0.009285 1.266847 6.268998 
0.002029 0.002033 0.007436 0.350935 7.953346 
0.002020 0.002020 0.002578 0.432089 7.975804 
0.002020 0.002021 0.002602 0.420952 7.962218 
0.002020 0.002020 0.220018 0.030570 7.965595 
0.002020 0.002021 0.002069 0.005161 9.821401 
0.002029 0.002246 0.244166 0.011171 7.953330 
0.002020 0.002020 0.002020 0.446810 7.961339 
0.002020 0.002020 0.002652 0.420718 7.962218 
0.002020 0.002020 0.003906 0.312798 8.150874 
0.002023 0.002023 0.002024 0.018897 9.739768 
0.002024 0.002365 0.120409 0.049200 8.164735 
0.002022 0.002023 0.145623 0.020829 8.545333 
0.002026 0.002027 0.200023 0.034890 7.953330 
0.002020 0.002020 0.002292 0.046248 9.867398 
0.002020 0.002020 0.002110 0.017321 9.739797 
0.002049 0.002056 0.004262 0.213836 8.945674 
0.002022 0.002022 0.002219 0.262710 8.748172 
0.002020 0.002024 0.002239 0.016779 9.740213 
0.002020 0.002020 0.293786 0.068409 9.282979 
0.002020 0.002020 0.002409 0.247965 8.847382 
0.002028 0.002308 0.099243 0.040768 8.614183 
0.002020 0.002020 0.002708 0.241306 8.859046 
0.002023 0.002023 0.002764 0.402285 7.953326 
0.002020 0.002020 0.004478 0.612913 9.240773 
0.002025 0.002510 0.004957 0.004809 9.739770 
0.002026 0.002027 0.202595 0.033497 7.953330 
0.002023 0.002023 0.002024 0.018898 9.739768 
0.002020 0.002020 0.002721 0.245831 8.812048 
0.002021 0.002021 0.002042 0.005592 9.819089 
0.002022 0.002056 0.107671 0.046698 8.477491 
0.002021 0.002021 0.002093 0.049345 9.868314 
0.002020 0.002020 0.002937 0.321827 8.171789 
0.002028 0.002030 0.003656 1.358584 6.269003 
0.002020 0.002020 0.004478 0.612913 9.240773 
0.002020 0.002021 0.162486 0.028230 8.183465 
0.002023 0.002057 0.003135 0.390097 7.953325 
0.002059 0.002060 0.005420 0.244370 8.558141 
0.002020 0.002020 0.002674 0.420343 7.962218 
0.002022 0.002028 0.111546 0.029357 8.822137 
0.002021 0.002021 0.002024 0.005920 9.818531 
0.002022 0.002025 0.003988 0.335916 8.035574 
0.002032 0.002122 0.105661 0.028951 8.860519 
0.002023 0.002023 0.002312 0.413276 7.953326 
0.002025 0.002510 0.004957 0.004809 9.739771 
0.002021 0.002021 0.002039 0.015905 9.741330 
0.002020 0.002020 0.002579 0.432090 7.975805 
0.002021 0.002021 0.002079 0.005289 9.818527 
0.002027 0.002027 0.106261 0.032494 8.854821 
0.002021 0.002021 0.002021 0.446475 7.961340 
0.002020 0.002021 0.162822 0.028265 8.180866 
0.002021 0.002023 0.002153 0.011133 9.750439 
0.002024 0.002024 0.002110 0.017077 9.739769 
0.002021 0.002021 0.002043 0.005617 9.818527 
0.002021 0.002021 0.002043 0.005616 9.818527 
0.002036 0.002169 0.109883 0.035549 8.614352 
0.002021 0.002021 0.002042 0.005621 9.818527 
0.002025 0.002025 0.002111 0.017075 9.739771 
0.002025 0.004441 3.125672 0.869460 0.003002 
0.002026 0.002088 3.375483 0.792217 0.002983 
0.002028 0.002103 3.373591 0.791761 0.002900 
0.002029 0.002097 3.345807 0.810640 0.002900 
0.002060 0.005083 2.922169 0.999655 0.003230 
0.002028 0.006256 4.030718 0.342789 0.003353 
0.002027 0.004360 3.048959 0.923759 0.007291 
0.002027 0.002103 3.370982 0.791406 0.007713 
0.002046 0.003070 3.547301 0.636803 0.007816 
0.002028 0.002107 3.511892 0.703539 0.007361 
0.002028 0.006256 4.030718 0.342789 0.003353 
0.002045 0.007051 4.353160 0.214800 0.008985 
0.002028 0.002073 3.363940 0.802215 0.002900 
0.002028 0.002090 3.372847 0.791601 0.008800 
0.002038 0.015663 2.832239 0.925558 0.007474 
0.002028 0.002081 3.377284 0.792167 0.003608 
0.002028 0.002108 3.517358 0.700244 0.007362 
0.002029 0.002073 3.363979 0.802107 0.002900 
0.002029 0.002046 4.255691 0.341771 0.003409 
0.002028 0.005706 3.451558 0.636811 0.007467 
0.002052 0.003238 4.145358 0.341804 0.002497 
0.002029 0.002074 3.363813 0.802215 0.002900 
0.002029 0.002090 3.375513 0.792229 0.002900 
0.002029 0.004384 3.049693 0.923212 0.007292 
0.002029 0.002046 4.255691 0.341771 0.003409 
0.002033 0.004568 3.040003 0.927429 0.003010 
0.002044 0.007115 4.410407 0.196156 0.008983 
0.002029 0.002098 3.374564 0.791930 0.002901 
0.002029 0.002081 3.368597 0.790134 0.027823 
0.002144 1.603507 0.113557 0.868513 0.003406 
0.002211 1.845141 0.074190 0.723287 0.002670 
0.002430 1.831598 0.074297 0.723196 0.002771 
0.002263 1.590527 0.113913 0.868626 0.002606 
0.002151 1.597278 0.113003 0.877939 0.002622 
0.002144 1.603507 0.113557 0.868513 0.003406 
0.002144 1.603507 0.113557 0.868513 0.003406 
0.002070 0.002233 1.152198 3.069368 1.261902 
0.002070 0.002233 1.152198 3.069368 1.261902 
0.002058 0.003057 1.115718 3.069705 1.261890 
0.002058 0.003055 1.115719 3.069705 1.261890 
0.002020 0.002020 0.002409 0.247965 8.847382 
0.002038 0.002039 0.005307 0.240399 8.601934 
0.002024 0.002024 0.002846 0.158076 9.657365 
0.003051 0.524364 1.093768 0.853461 0.174730 
0.005351 0.517123 1.140662 0.789206 0.007461 
0.003058 0.524372 1.093776 0.853468 0.174738 
0.005001 0.511751 1.129171 0.781164 0.175557 
0.002020 0.002021 0.002418 7.905491 0.003339 
0.002030 0.007959 0.003364 7.424273 0.003394 
0.002091 0.094813 0.424434 3.745477 0.011664 
0.002023 0.002714 0.585238 4.459143 0.003341 
0.002020 0.002215 0.196116 5.924279 0.002736 
0.002021 0.002022 0.002742 7.866859 0.007560 
0.002024 0.002523 0.545279 4.588468 0.003384 
0.002049 0.005084 0.206468 5.683579 0.017987 
0.002017 0.002017 0.012969 7.493287 0.030492 
0.002040 0.002493 0.545721 4.591931 0.002315 
0.002085 0.089829 0.452447 3.703530 0.003362 
0.002016 0.002016 0.035458 7.153886 0.003343 
0.002021 0.002036 0.016479 7.430206 0.002074 
0.002044 0.002748 0.606517 4.395803 0.008964 
0.002094 0.089917 0.452366 3.704162 0.002260 
0.002044 0.026761 0.007375 6.832546 0.003381 
0.002051 0.009413 0.064234 6.455665 0.017142 
0.002031 0.004556 0.166994 5.920562 0.006874 
0.002047 0.007389 0.033993 6.832144 0.011556 
0.002021 0.002038 0.016480 7.430207 0.002074 
0.002031 0.004803 0.019210 7.149188 0.006461 
0.002021 0.002023 0.002742 7.866860 0.007560 
0.002048 0.004810 0.188070 5.787511 0.017987 
0.002019 0.002049 0.033996 7.153035 0.003346 
0.002034 0.015696 0.024779 6.732229 0.006915 
0.002033 0.002403 0.002664 7.791474 0.002110 
0.002043 0.015574 0.025176 6.729784 0.006927 
0.002019 0.002020 0.035529 7.153036 0.003347 
0.002022 0.002217 0.196117 5.924281 0.002737 
0.002020 0.002057 0.037762 7.104013 0.003056 
0.002022 0.002022 0.002270 7.922863 0.006109 
0.002030 0.009657 0.014728 7.050628 0.006872 
0.002047 0.004106 0.014804 7.266153 0.006478 
0.002034 0.005335 0.039746 6.833520 0.011366 
0.002027 0.002028 0.003349 7.828516 0.003165 
0.002018 0.004500 0.158588 5.975563 0.003344 
0.002022 0.002039 0.016421 7.430207 0.002074 
0.002056 0.007170 0.033995 6.832146 0.011558 
0.002065 0.081562 0.409292 3.894681 0.003305 
0.002024 0.002065 0.002494 7.863005 0.011683 
0.002021 0.002055 0.035216 7.136115 0.003348 
0.002021 0.002054 0.035216 7.136115 0.003348 
0.002023 0.002056 0.033897 7.145838 0.011180 
0.002027 0.002028 0.003349 7.828764 0.002954 
0.002022 0.002120 0.008366 7.576862 0.017966 
0.002021 0.002053 0.033927 7.153037 0.003349 
0.002022 0.002050 0.033100 7.165230 0.003381 
0.002025 0.002026 0.002291 2.979107 5.255151 
0.002021 0.002021 0.002119 3.126286 4.435118 
0.002021 0.002021 0.002116 3.033450 5.002557 
0.002021 0.002021 0.002112 3.033982 5.002557 
0.002021 0.002021 0.002075 3.238416 4.062177 
0.002021 0.002021 0.002115 3.005605 5.209533 
0.002021 0.002021 0.002244 7.407330 4.008124 
0.002021 0.002021 0.002117 3.101058 4.569098 
0.002021 0.002021 0.002117 3.101059 4.569098 
0.002021 0.002021 0.002117 3.101059 4.569098 
0.002021 0.002021 0.002117 3.101059 4.569098 
0.002024 0.002024 0.002107 2.829448 6.778220 
0.002021 0.002021 0.002119 3.147138 4.336712 
0.002021 0.002021 0.002070 3.109539 4.569098 
0.002024 0.002604 0.813370 3.894744 0.003189 
0.002019 0.002953 1.029860 3.409858 0.007087 
0.002019 0.003046 1.105767 3.261009 0.007087 
0.002054 0.004958 0.766487 3.881774 0.016998 
0.002038 0.018411 1.829799 1.852657 0.003165 
0.002021 0.002601 0.813354 3.894676 0.003300 
0.002029 0.011313 2.291260 1.445274 0.003172 
0.002034 0.004124 1.810722 2.131128 0.007573 
0.002054 0.004933 0.759839 3.898311 0.016987 
0.002064 0.004674 0.760162 3.898343 0.016907 
0.002046 0.004152 1.810554 2.131450 0.006452 
0.002026 0.003842 2.465099 1.424310 0.003172 
0.002023 0.003838 2.463619 1.423454 0.007558 
0.002027 0.005291 2.861923 1.045043 0.003189 
0.002044 0.008744 1.683116 2.183846 0.004424 
0.002028 0.002139 3.004277 1.046125 0.004339 
0.002036 0.004139 1.807772 2.135079 0.006442 
0.002028 0.002110 2.192280 1.794375 0.004339 
0.002077 0.002134 1.913219 0.059058 4.313897 
0.002026 0.002044 1.397117 0.343432 3.987221 
