0.001495 0.001495 0.003816 0.002618 9.780538 
0.001530 0.001592 1.023462 0.012459 5.976471 
0.001505 0.001759 0.002517 1.326093 6.355877 
0.001506 0.001520 0.264483 0.008098 7.952826 
0.001491 0.001492 0.027635 0.060979 9.779601 
0.001507 0.160740 0.008099 0.002299 7.952812 
0.001500 0.001500 0.010576 0.329413 7.952805 
0.001493 0.001736 0.051890 0.129226 8.208665 
0.001496 0.001624 0.049227 1.756112 9.991940 
0.001500 0.003642 0.003804 0.328636 7.952806 
0.001527 0.065261 0.064716 0.006361 7.952813 
0.001513 0.001537 0.960746 0.025962 5.976454 
0.001523 0.003577 0.177551 0.009189 8.113178 
0.001498 0.001498 0.001591 0.015173 9.739806 
0.001553 0.007034 0.007653 1.144932 6.189472 
0.001497 0.001497 0.003913 0.002538 9.780540 
0.001499 0.001526 0.002418 0.042224 9.884615 
0.001516 0.001577 0.114683 0.006949 9.416078 
0.001526 0.001586 0.025556 1.036620 6.860551 
0.001499 0.001500 0.001949 0.018056 9.744558 
0.001499 0.001500 0.001949 0.018057 9.744558 
0.001499 0.001500 0.001923 0.018213 9.744558 
0.001513 0.002443 0.002560 1.270624 6.470559 
0.001500 0.001500 0.001598 0.015110 9.739808 
0.001500 0.001500 0.001501 0.027286 9.756126 
0.001500 0.002137 0.003700 0.175236 9.165651 
0.001500 0.002616 0.005497 0.328636 7.952806 
0.001499 0.011505 0.036467 0.034964 9.165651 
0.001499 0.011505 0.036467 0.034964 9.165651 
0.001500 0.001500 0.001593 0.015175 9.739808 
0.001505 0.001505 0.001507 0.018308 9.739251 
0.001500 0.003619 0.003805 0.328636 7.952806 
0.001500 0.001514 0.005350 0.017801 9.794715 
0.001500 0.001501 0.001899 0.001694 9.895129 
0.001523 0.003260 0.145592 0.011513 8.401194 
0.001505 0.001505 0.001507 0.018308 9.739251 
0.001501 0.001501 0.001502 0.027287 9.756126 
0.001506 0.001506 0.001506 0.018282 9.739252 
0.001511 0.003850 0.170250 0.013221 8.082657 
0.001501 0.001501 0.001534 0.002364 9.895130 
0.001498 0.001624 0.048640 1.734458 9.957246 
0.001500 0.001500 0.006262 0.003805 9.741866 
0.001500 0.004942 0.013378 0.105498 9.165651 
0.001507 0.001507 0.001509 0.018218 9.739252 
0.001500 0.002137 0.003700 0.175236 9.165651 
0.001500 0.001549 0.027597 0.105499 9.165652 
0.001501 0.001501 0.006539 0.004292 9.739809 
0.001500 0.001724 0.050813 2.159785 7.323639 
0.001531 0.001535 0.009582 1.140489 7.094770 
0.001502 0.003611 0.003836 0.328638 7.952808 
0.001494 0.001496 0.002507 7.849633 0.001693 
0.001499 0.001594 0.019677 7.338763 0.001718 
0.001506 0.008976 0.027026 6.861281 0.006694 
0.001495 0.003058 1.087450 3.262926 0.008324 
0.001499 0.001501 0.024186 7.298719 0.003745 
0.001535 0.005392 0.007938 7.084305 1.034656 
0.001499 0.001567 0.015806 7.359066 0.101214 
0.001504 0.051119 0.199569 4.960304 0.018301 
0.001505 0.065575 0.169861 4.960305 0.018303 
0.001500 0.001535 0.012265 7.496999 0.002533 
0.001499 0.001499 0.001518 7.851644 0.359677 
0.001531 0.007477 0.182979 5.722822 0.007510 
0.001500 0.001501 0.004985 7.723285 0.003750 
0.001499 0.001575 0.019653 7.285348 0.101214 
0.001524 0.002402 0.004505 7.331690 1.441585 
0.001551 0.041794 0.024961 6.269195 0.003644 
0.001523 0.025585 0.094176 5.899303 0.002572 
0.001499 0.003203 0.914098 3.549976 0.196797 
0.001500 0.001504 0.024035 7.298715 0.003750 
0.001535 0.029115 0.111883 5.723766 0.006224 
0.001500 0.051867 0.199777 4.965554 0.008452 
0.001500 0.001999 0.003194 7.706110 0.003223 
0.001505 0.004997 0.006417 7.171286 0.984687 
0.001500 0.001999 0.003194 7.706004 0.003317 
0.001500 0.001500 0.002560 7.847309 0.003959 
0.001687 0.012569 0.032498 6.697378 0.011096 
0.001531 0.342048 0.078147 3.840130 0.005965 
0.001501 0.001504 0.024035 7.298715 0.003751 
0.001520 0.020430 0.021401 6.676892 0.008792 
0.001506 0.001720 0.085390 6.608717 0.002093 
0.001530 0.027774 0.101036 5.815240 0.005836 
0.001500 0.001575 0.019493 7.220890 0.358324 
0.001501 0.001503 0.013013 7.499562 0.002141 
0.001501 0.001506 0.001506 7.978127 0.003382 
0.001501 0.001504 0.024029 7.296601 0.005873 
0.001514 0.005903 0.008300 7.076905 1.032287 
0.001500 0.001578 0.019456 7.223485 0.345167 
0.001514 0.006964 0.021769 7.003973 0.003038 
0.001501 0.006542 0.007394 7.296589 0.005885 
0.001501 0.001504 0.024035 7.298716 0.003751 
0.001501 0.002405 0.002518 7.706054 0.003275 
0.001544 0.036229 0.021721 6.393418 0.002071 
0.001501 0.006542 0.007395 7.296616 0.005858 
0.001501 0.001959 0.003048 7.718591 0.003261 
0.001502 0.001959 0.003049 7.718591 0.003261 
0.001501 0.063197 0.209926 4.807461 0.003261 
0.001515 0.010825 0.035771 6.697276 0.010825 
0.001502 0.001506 0.001507 7.978128 0.003383 
0.001501 0.001501 0.002361 7.737227 0.360034 
0.001502 0.001504 0.016333 7.432398 0.002152 
0.001522 0.002653 0.184924 5.900966 0.003646 
0.001502 0.001504 0.016333 7.432398 0.002152 
0.001502 0.001506 0.001507 7.978254 0.003274 
0.001502 0.001504 0.016333 7.432398 0.002152 
0.001523 0.005557 0.016573 7.139939 0.004111 
0.001507 0.009794 2.643260 1.141764 0.002204 
0.001534 0.454865 2.640883 0.066218 0.003323 
0.001499 0.001756 3.254364 0.854303 0.002492 
0.001518 0.389549 1.741520 0.586133 0.003317 
0.001500 0.001863 4.666429 0.180361 0.003253 
0.001569 0.189858 2.257765 0.618106 0.003193 
0.001500 0.017188 5.416428 0.001808 0.001867 
0.001500 0.001502 5.931459 0.001951 0.002027 
0.001514 0.010983 2.974991 0.871006 0.002211 
0.001499 0.001953 5.702577 0.004781 0.082890 
0.001500 0.002010 5.841629 0.001951 0.002024 
0.001500 0.001954 5.702735 0.004781 0.082369 
0.001507 0.173058 2.012156 0.866598 0.002287 
0.001501 0.001731 3.482108 0.707221 0.005125 
0.001501 0.017185 5.414922 0.001809 0.003749 
0.001501 0.001657 3.427207 0.746664 0.005126 
0.001501 0.001729 3.255249 0.852517 0.005126 
0.001501 0.001729 3.255249 0.852517 0.005126 
0.001546 0.020278 3.294225 0.572854 0.011959 
0.001516 0.018920 4.528947 0.103792 0.001797 
0.001501 0.001954 5.818191 0.002438 0.003254 
0.001513 0.391082 1.748414 0.578567 0.002195 
0.001501 0.001865 5.850802 0.001994 0.005127 
0.001540 0.009374 3.039215 0.835313 0.002212 
0.001501 0.001956 5.738880 0.003533 0.081727 
0.001532 0.009386 3.455652 0.573177 0.002261 
0.001501 0.001752 3.165881 0.915836 0.002494 
0.001540 0.191665 2.259147 0.618085 0.003327 
0.001502 0.002876 2.878792 1.079410 0.006709 
0.001502 0.017188 5.415768 0.001819 0.001869 
0.001518 0.023004 3.459782 0.475102 0.002214 
0.001502 0.002876 2.878792 1.079411 0.006709 
0.001502 0.001704 3.260232 0.854306 0.002495 
0.001514 0.391019 1.748126 0.578473 0.003313 
0.001501 0.001956 5.727557 0.003894 0.081727 
0.001520 0.014705 4.200135 0.207713 0.033688 
0.001512 0.008907 2.651599 1.141501 0.003770 
0.001505 0.002826 4.222299 0.307471 0.006233 
0.001502 0.001690 3.423083 0.746666 0.005127 
0.001502 0.002079 3.140284 0.915837 0.002495 
0.001502 0.001806 5.858940 0.001978 0.005110 
0.001656 0.014874 4.213120 0.208480 0.003467 
0.001542 0.009368 3.039216 0.835314 0.002213 
0.001503 0.002047 5.880417 0.001544 0.003738 
0.001503 0.001964 5.818199 0.002419 0.003256 
0.001517 0.010089 3.562041 0.515909 0.002295 
0.001567 0.013589 5.422114 0.002778 0.003794 
0.001503 0.001731 3.452625 0.725336 0.005127 
0.001503 0.001735 3.137244 0.937051 0.003749 
0.001508 1.700999 0.311121 0.402996 0.003591 
0.001496 1.463935 0.034690 1.399872 0.002082 
0.001515 0.697456 0.518049 1.403145 0.001705 
0.001498 0.636745 0.598922 1.392769 0.001701 
0.001498 1.463937 0.034692 1.399874 0.002084 
0.001500 1.526590 1.175225 0.006805 0.002194 
0.001498 0.678653 0.752338 1.070900 0.002078 
0.001500 0.678499 0.752167 1.071375 0.002195 
0.001617 1.218137 0.222443 1.089791 0.001608 
0.001507 1.585878 0.064733 1.077573 0.001749 
0.001500 1.079187 0.970685 0.306801 0.001703 
0.001500 1.252962 0.071933 1.537206 0.003893 
0.001512 0.538465 0.733870 1.386913 0.001638 
0.001502 0.636181 0.598049 1.395998 0.001634 
0.001506 1.515312 1.159254 0.009942 0.001568 
0.001507 0.711074 0.544223 1.334812 0.001607 
0.001504 1.622908 0.053841 1.080171 0.001697 
0.001532 1.147549 0.159059 1.396800 0.001593 
0.001500 0.678656 0.752341 1.070902 0.002080 
0.001502 0.635274 0.596763 1.399880 0.002084 
0.001563 2.034466 0.468083 0.065332 0.001884 
0.001503 0.634980 0.596710 1.401401 0.001707 
0.001504 0.634885 0.597071 1.399963 0.001708 
0.001524 0.546215 0.716711 1.396651 0.001585 
0.001503 0.060489 1.797570 1.438046 1.019593 
0.001503 0.060489 1.797570 1.438046 1.019593 
0.001513 0.025178 2.758083 0.798947 1.264455 
0.001781 0.060751 1.797849 1.438324 1.019859 
0.001496 1.235174 0.055037 1.466952 2.215842 
0.001509 3.181691 0.074690 0.012646 0.001889 
0.001510 2.908816 0.165411 0.009946 0.001571 
0.001510 2.908816 0.165411 0.009946 0.001571 
0.001602 0.052355 1.870585 1.491223 0.008482 
0.001488 0.001489 2.534252 1.470115 0.002501 
0.001488 0.004856 1.202163 2.996900 0.008790 
0.001525 0.001547 1.333816 2.953656 0.008497 
0.001488 0.004858 1.202209 2.996921 0.008621 
0.001541 0.012464 1.094452 3.013107 0.006877 
0.001490 0.001491 2.536568 1.467935 0.002504 
0.001503 0.001506 2.414423 1.580553 0.007482 
0.001490 0.001573 1.309923 2.983616 0.002504 
0.001526 0.059877 1.839859 1.501327 0.019764 
0.001490 0.001573 1.309923 2.983616 0.002504 
0.001500 0.001502 0.001843 2.744756 7.323639 
0.001500 0.001548 0.011786 2.504903 7.323639 
0.001500 0.001502 0.001889 2.741314 7.323639 
0.001501 0.001661 0.002040 2.690199 7.422169 
0.001502 0.001502 0.002035 7.047812 7.826718 
0.001502 0.001502 0.002035 7.047812 7.826718 
0.001502 0.001503 0.002274 7.027090 7.826719 
0.001550 0.012848 1.009036 3.027036 1.037081 
0.001524 0.013362 1.004219 3.027100 1.037054 
0.003293 0.015070 1.000222 3.040932 1.038823 
0.001637 0.011669 0.989428 2.983122 2.048111 
0.001631 0.011823 1.004993 3.030117 0.986202 
0.001569 0.360929 1.699878 0.566361 1.311831 
